3997097 3 29
3997097 3 29
3997097 3 29
3997097 3 29
3997097 9 9.666667e+00
3997097 10 8.700000e+00
3997097 3 29
3997097 3 29
3997097 4 2.175000e+01
3997097 8 1.087500e+01
3998059 3 29
3998059 3 29
3998059 3 29
3998059 3 29
3998059 3 29
3998059 3 29
3998059 3 29
3998059 3 29
3998059 3 29
3998059 3 29
3998059 3 29
3998059 3 29
3998059 3 29
3998059 3 29
3998059 3 29
3998059 3 29
3998059 3 29
3998059 3 29
3998059 3 29
3998059 3 29
3998059 3 29
3998059 3 29
3998059 3 29
3998059 3 29
3998059 3 29
3998059 3 29
3998059 3 29
3998059 3 29
3998059 3 29
3998059 3 29
3998059 3 29
3998059 3 29
3998059 3 29
3998059 3 29
3998059 3 29
3998059 3 29
3998059 3 29
3998059 3 29
3998059 3 29
3998059 3 29
3998059 3 29
3998059 3 29
3998059 3 29
3998059 3 29
3998059 3 29
3998059 3 29
3998059 3 29
3998059 3 29
3998059 3 29
3998059 3 29
3998059 3 29
3998059 3 29
3998059 3 29
3998059 3 29
3998059 3 29
3998059 3 29
3998059 3 29
3998059 3 29
3998059 3 29
3998059 3 29
3998828 3 29
3998828 3 29
3998828 3 29
3998828 3 29
3998828 3 29
3998828 3 29
3998828 3 29
3998828 3 29
3998828 3 29
3998828 3 29
3998828 3 29
3998828 3 29
3998828 3 29
3998828 3 29
3998828 3 29
3998828 3 29
3998828 3 29
3998828 3 29
3998828 3 29
3998828 3 29
3998828 3 29
3998828 3 29
3998828 3 29
3998828 3 29
3998828 3 29
3998828 3 29
3998828 3 29
3998828 3 29
3998828 3 29
3998828 3 29
3998828 3 29
3998828 3 29
