3997097 0 5 9 10 3 7 4 5 5 7 4 4 5 9 3 5 5 5 6 6 5 5 5 4 5 6 6 4 8 5 4 5 9 2 5 6 5 5 5 5 8 6 7 5 5 5 6 4 9 6 5 8 7 5 4 10 3 5 4 5 8 3 5 8 6 6 6 5 4 6 6 6 5 5 5 6 10 7 6 6 5 4 6 10 3 
3997097 1 5 9 2 3 5 8 2 5 5 4 5 6 4 4 5 3 5 6 6 3 8 5 4 8 9 2 5 6 5 6 7 4 8 5 7 5 5 7 6 4 8 6 5 10 10 4 5 9 3 5 5 6 9 3 4 8 6 8 10 5 5 5 6 6 7 9 4 6 9 7 6 8 9 3 7 10 3 6 9 1 4 5 8 3 
3997097 2 5 5 4 5 6 4 4 5 4 4 6 6 3 8 5 4 5 9 3 5 6 5 6 5 4 8 5 7 5 5 5 6 4 8 6 5 9 9 4 5 8 2 5 5 5 9 3 4 8 6 8 7 4 5 5 6 6 6 6 4 6 9 7 6 7 6 3 7 9 3 6 9 1 4 5 7 3 6 10 2 3 6 10 1 
3997097 3 5 4 4 5 7 3 8 5 4 5 8 3 5 5 5 6 5 4 9 5 6 5 5 5 5 5 8 5 5 9 9 3 5 8 2 5 5 5 8 4 4 7 6 8 7 4 5 5 6 6 6 6 4 7 9 6 6 7 6 3 7 9 2 6 9 1 3 6 7 2 6 10 1 2 6 10 1 6 9 9 3 6 10 1 
3997097 4 5 4 5 8 3 4 5 5 5 4 4 9 5 7 5 5 4 5 5 8 5 5 9 9 4 5 8 2 5 4 4 8 4 4 8 6 7 7 4 6 4 6 6 6 5 4 7 9 7 6 7 6 3 8 9 2 6 8 1 4 6 7 2 6 10 1 3 7 10 1 6 9 9 3 6 10 1 6 10 10 1 10 10 1 
3997097 5 10 2 6 9 4 3 8 10 5 6 5 4 7 5 10 6 4 4 8 7 3 10 8 9 5 4 8 3 10 5 5 4 8 4 6 10 6 4 6 4 4 7 10 4 7 9 2 9 5 10 5 5 3 10 5 10 10 6 6 3 10 9 10 10 4 7 6 5 10 8 10 6 7 5 5 4 5 9 8 7 1 10 6 7 
3997097 6 5 5 3 4 5 5 6 5 7 7 4 5 5 4 5 8 8 4 5 4 8 6 2 5 10 9 6 4 6 5 3 5 4 4 3 6 6 6 5 5 9 8 6 6 7 4 6 8 4 6 3 4 5 5 3 1 6 5 3 4 6 2 6 6 10 7 7 9 6 10 7 2 5 5 6 7 4 7 7 2 4 5 4 7 
3997097 7 10 5 7 3 8 8 6 10 2 3 5 5 5 4 10 5 7 4 6 7 6 10 7 4 6 4 3 3 10 6 4 7 3 5 8 10 8 7 8 7 4 6 10 9 5 8 5 6 4 10 5 5 6 2 3 5 10 10 1 10 10 6 9 9 7 4 5 6 5 3 10 10 2 4 6 5 4 10 10 1 3 10 8 3 
3997097 8 10 2 4 4 6 5 5 10 5 8 2 7 9 7 10 6 4 5 4 3 3 10 5 4 7 2 6 9 10 7 8 7 8 4 6 10 8 6 7 6 6 4 10 5 5 5 1 3 5 10 10 1 10 10 7 9 9 7 4 4 7 5 4 10 10 2 3 7 5 4 10 10 1 1 10 9 3 10 7 3 1 10 8 2 
3997097 9 10 4 8 2 7 9 6 10 6 4 5 5 3 3 10 5 3 6 4 6 9 10 7 8 7 8 5 6 10 8 6 7 6 7 4 10 3 5 5 3 3 5 10 10 1 10 10 7 9 9 6 4 4 7 5 4 10 10 1 3 8 5 4 10 10 1 1 10 9 3 10 7 2 1 9 8 2 10 1 4 10 1 8 9 
3997097 10 10 5 6 5 5 6 6 10 5 4 4 8 6 3 10 9 9 5 5 7 3 10 5 4 4 8 3 7 10 5 4 6 4 3 8 10 3 7 9 3 8 6 10 4 5 3 10 4 10 10 5 6 3 9 8 10 10 3 7 6 6 9 8 10 5 7 5 6 3 5 9 8 7 1 10 5 8 10 2 5 7 10 6 7 
3997097 11 10 7 8 5 6 7 3 10 5 6 6 4 6 8 10 2 5 9 6 6 6 10 5 2 7 2 3 7 10 7 6 4 8 4 4 10 7 6 3 7 8 5 10 7 8 6 4 6 4 10 8 1 5 4 3 5 9 9 7 3 9 10 6 10 8 10 3 6 9 6 10 7 8 4 5 8 4 10 9 9 3 8 6 5 
3997097 12 10 5 6 6 4 6 8 10 2 5 9 6 6 6 10 5 2 6 3 3 7 10 7 6 3 8 4 4 10 7 6 3 8 8 4 10 7 8 6 4 6 4 10 8 1 5 4 3 5 9 9 7 3 10 10 5 10 7 10 3 6 9 5 10 7 7 4 6 8 3 10 9 8 3 9 6 4 10 3 10 10 1 1 10 
3997097 13 10 2 6 9 6 7 7 10 5 4 7 3 3 8 10 6 6 3 8 4 4 10 7 6 3 8 8 4 10 6 8 6 5 7 4 10 7 2 5 4 4 6 9 8 7 3 10 10 6 10 7 9 3 6 9 6 10 6 7 4 6 9 3 10 8 8 3 9 7 5 10 3 10 10 1 1 10 10 5 1 9 1 1 10 
3997097 14 6 8 4 5 4 8 8 5 6 6 6 3 8 8 5 7 3 3 6 5 6 5 2 6 4 6 5 4 4 4 9 9 5 4 5 5 5 6 5 9 3 3 5 10 10 3 4 6 3 5 1 7 3 6 7 3 5 1 7 5 7 8 5 5 10 5 3 4 4 3 5 10 10 4 4 9 2 5 4 9 4 6 7 3 
3997097 15 5 5 5 6 3 9 9 5 5 3 4 6 5 6 5 4 5 5 6 5 5 4 5 6 9 5 5 5 5 5 5 5 9 3 3 5 10 9 4 4 6 4 5 4 5 4 6 8 4 5 4 5 5 7 9 5 5 7 4 4 3 4 3 5 6 8 4 4 10 3 5 5 6 4 6 7 4 6 10 10 5 10 9 4 
3997097 16 5 6 4 5 6 2 7 5 7 6 9 9 6 9 6 4 4 5 6 6 4 5 2 3 4 4 7 5 5 5 8 4 4 7 4 5 8 8 4 5 5 5 6 1 5 10 10 9 4 6 2 4 6 3 3 3 6 5 7 6 4 10 5 6 5 7 4 6 10 4 6 1 4 6 4 1 3 6 3 3 4 5 1 5 
3997097 17 5 7 6 7 8 5 9 6 6 4 5 6 5 4 5 4 3 4 4 6 5 5 6 8 4 4 6 4 5 8 8 4 4 3 6 6 2 5 9 8 9 4 6 4 3 5 3 1 4 6 6 6 5 4 10 6 6 6 7 4 5 10 4 6 3 4 5 4 1 3 6 5 3 4 5 1 5 6 10 7 7 8 9 7 
3997097 18 6 6 4 5 6 5 4 5 5 4 4 4 6 7 5 7 8 4 4 6 5 5 8 8 4 5 4 9 6 2 6 10 9 8 5 6 5 4 5 4 2 4 6 6 7 5 4 10 9 6 6 8 4 6 10 5 6 3 4 5 5 1 2 6 5 3 4 5 1 7 6 10 7 7 9 8 10 7 2 6 5 6 10 4 
3997097 19 5 6 7 4 4 5 5 5 8 7 4 5 4 8 6 2 4 10 9 5 5 6 4 2 5 4 3 3 6 6 6 5 4 9 8 6 6 7 4 6 7 4 6 3 3 5 5 3 2 6 5 2 4 5 2 7 6 10 6 7 9 5 10 7 2 4 5 6 7 4 7 7 1 4 4 4 8 6 10 10 5 9 4 10 
3997097 20 5 5 4 4 9 4 6 5 4 4 6 5 7 5 5 9 9 4 5 7 2 5 3 4 9 3 3 7 6 7 7 5 5 4 6 6 5 5 4 6 8 7 6 7 5 3 7 8 2 6 8 1 4 6 6 2 6 10 1 3 6 10 1 6 9 9 4 6 10 1 6 10 10 1 10 10 1 8 10 1 1 7 10 1 
3997097 21 7 3 4 6 8 5 3 8 9 9 3 8 8 6 9 6 4 4 6 5 3 10 5 6 6 5 7 7 10 5 4 8 3 2 6 10 5 6 7 4 5 8 10 5 5 9 3 1 5 10 5 4 10 2 2 9 10 6 6 10 4 1 7 10 6 5 10 3 3 6 10 5 5 9 2 1 7 10 8 3 10 9 4 9 
3997097 22 8 10 9 3 9 8 5 9 5 4 4 7 6 2 10 5 5 5 6 7 7 10 4 4 7 4 4 6 10 5 5 6 4 6 8 10 5 4 8 3 2 5 10 5 4 9 3 4 9 10 5 6 9 5 3 7 10 5 5 9 4 5 6 10 5 5 8 2 2 7 10 9 3 10 10 5 10 9 5 4 7 4 4 5 
3997097 23 9 8 4 2 9 7 2 10 5 8 4 7 8 6 10 2 4 6 5 4 5 10 5 8 5 5 7 7 10 7 5 7 4 2 4 10 6 4 8 3 5 8 10 8 8 8 6 4 6 10 9 6 8 5 5 5 10 5 6 7 3 2 6 10 10 1 10 10 6 9 9 7 4 6 5 4 5 10 10 3 6 5 4 5 
3997097 24 10 5 4 4 6 6 3 10 9 9 6 4 8 4 10 5 5 4 6 3 6 10 5 4 6 4 4 7 10 4 7 9 3 8 5 10 4 5 3 9 4 9 10 5 6 4 7 8 9 10 3 7 6 5 10 7 10 5 7 5 5 3 5 9 8 7 1 10 5 6 10 2 5 8 10 6 6 9 8 6 1 10 6 6 
3997097 25 5 9 5 7 3 8 5 5 6 7 8 4 5 7 5 3 9 3 8 6 8 6 5 4 5 6 6 5 5 5 5 6 5 6 6 5 5 3 3 8 2 2 5 4 5 4 8 2 1 4 4 7 9 7 2 1 5 4 5 5 10 1 1 5 10 10 3 6 4 1 5 2 6 3 7 5 1 5 3 6 5 8 6 1 
3997097 26 5 8 7 9 3 6 7 5 3 9 3 7 7 8 6 7 4 6 5 7 6 5 6 5 6 4 7 6 5 6 3 4 7 3 4 5 3 5 5 7 3 3 4 5 7 9 6 3 3 5 5 5 5 10 2 1 5 10 10 3 5 4 1 5 1 6 4 7 6 1 5 2 6 5 8 8 3 5 10 5 4 5 2 1 
3997097 27 5 3 8 3 7 7 8 6 8 4 6 4 7 6 5 6 5 6 2 8 7 5 7 3 4 7 4 4 5 4 5 5 7 4 3 4 5 7 9 5 4 4 5 6 5 5 10 3 2 5 10 10 4 5 5 2 5 1 6 4 6 7 2 5 2 6 5 8 8 4 5 10 5 4 3 3 2 5 10 9 4 4 9 1 
3997097 28 6 3 6 9 2 7 4 7 4 6 5 7 3 6 7 5 7 5 6 6 8 7 5 7 6 4 8 8 7 7 5 4 6 6 4 7 9 2 4 7 3 3 6 3 7 6 5 7 6 6 6 8 4 7 8 5 7 5 6 6 5 8 10 7 6 5 5 8 9 7 7 4 4 6 5 7 3 6 5 7 5 5 9 10 
3997097 29 7 4 6 5 8 3 6 7 5 7 6 5 6 8 7 5 7 7 3 8 7 7 7 5 4 6 6 4 7 9 2 3 8 3 2 6 3 7 8 4 7 5 6 6 7 3 7 8 4 7 5 6 7 4 9 10 7 6 5 5 9 9 6 7 4 4 7 4 7 3 6 5 7 6 4 9 10 7 5 7 5 5 10 2 
3997097 30 7 5 6 6 5 5 8 7 5 6 7 3 7 8 7 7 5 4 6 5 4 7 8 2 3 8 2 3 6 3 7 8 4 6 6 6 6 7 4 7 8 5 7 5 6 7 4 8 10 7 6 5 6 10 9 7 7 4 4 7 4 7 3 6 5 7 7 4 9 10 7 5 7 6 6 10 2 7 7 3 5 9 10 6 
3997097 31 6 8 9 5 3 9 4 6 2 5 6 7 3 6 5 6 4 5 5 4 7 5 7 7 9 8 6 9 6 5 5 5 6 6 4 5 4 4 4 4 6 5 5 6 8 4 3 6 4 5 7 9 4 4 5 5 6 2 6 10 9 6 4 6 4 4 5 3 5 3 6 6 7 5 3 9 5 6 5 8 3 5 8 4 
3997097 32 6 2 5 6 7 2 6 5 7 4 5 5 5 7 5 7 7 9 8 6 9 6 6 5 5 6 6 3 5 4 4 4 3 7 5 5 6 9 4 3 7 4 5 8 9 4 4 6 5 6 2 6 10 9 8 4 6 4 4 5 3 5 3 6 6 7 5 3 10 5 6 6 8 4 5 10 4 6 3 5 5 4 4 3 
3997097 33 8 5 4 9 9 4 5 7 3 4 5 6 6 3 8 9 9 3 6 8 6 9 6 5 4 5 6 4 10 5 6 5 4 7 8 10 5 5 6 3 3 7 10 5 6 6 3 6 8 10 6 5 7 3 1 6 10 5 5 7 2 3 10 10 6 6 8 3 2 8 10 6 5 8 3 3 7 10 5 5 7 2 1 7 
3997097 34 6 4 5 9 9 5 5 6 4 5 4 4 5 4 6 4 5 5 6 5 4 10 9 9 4 6 5 4 10 6 4 5 4 10 9 10 5 5 6 4 5 6 10 5 5 5 1 5 5 10 5 5 8 1 5 5 10 5 5 8 1 6 5 10 5 5 6 1 6 6 10 5 4 4 2 6 7 10 5 5 5 5 6 8 
3997097 35 6 4 5 4 5 5 4 6 4 5 6 8 5 4 10 9 9 3 7 5 4 10 6 4 5 6 10 9 10 5 5 9 6 5 6 10 5 5 6 2 5 5 10 5 5 10 1 5 5 10 5 5 10 1 6 5 10 5 5 8 3 6 6 10 5 4 3 4 6 7 10 5 6 5 6 6 8 10 5 5 10 10 6 9 
3997097 36 6 4 5 5 7 5 4 10 9 9 3 7 5 4 10 6 4 4 6 10 9 10 5 5 6 6 5 6 10 4 5 5 4 5 5 10 5 5 9 2 5 5 10 5 5 8 3 6 5 10 5 5 6 5 6 6 10 5 4 3 5 6 7 10 5 6 4 6 6 8 10 5 5 10 10 6 9 10 5 5 3 6 6 10 
3997097 37 10 9 9 6 4 7 3 10 5 4 5 6 3 5 10 5 3 6 4 4 6 10 4 7 9 3 7 4 10 4 4 4 8 4 7 10 5 6 4 7 7 8 10 3 6 6 5 9 6 10 6 7 5 5 3 4 9 8 6 1 10 5 5 10 2 5 8 9 6 5 9 8 6 1 10 6 5 10 10 10 1 10 7 4 
3997097 38 10 7 4 4 6 3 4 10 8 3 6 4 4 5 10 3 8 9 3 7 3 10 5 4 3 8 4 7 10 7 7 4 7 7 8 10 3 7 6 5 8 5 10 8 8 5 5 3 3 9 10 7 1 10 5 5 10 1 5 7 9 5 4 9 10 7 1 10 5 4 10 10 10 1 10 6 3 10 1 7 10 10 5 2 
3997097 39 10 7 2 6 4 4 5 10 3 7 9 3 7 3 10 5 4 3 9 4 7 10 7 6 4 7 7 8 10 3 7 6 5 8 6 10 7 7 5 5 3 3 9 10 7 1 10 5 5 10 1 5 7 10 5 4 9 10 6 1 10 5 4 10 10 10 1 10 6 4 10 1 6 10 10 5 2 10 1 5 7 10 7 7 
3997097 40 8 9 9 4 8 4 4 7 6 4 4 7 3 5 7 4 5 8 4 4 7 7 4 5 4 7 6 8 6 5 4 4 5 9 3 5 5 5 8 3 7 7 5 4 5 10 3 5 10 5 4 6 3 6 5 10 6 4 5 6 4 5 7 5 4 5 7 4 6 8 5 4 5 4 6 4 4 5 4 5 5 6 4 3 
3997097 41 7 8 2 4 8 3 4 7 3 7 7 5 4 6 7 4 7 4 8 6 6 6 7 4 4 5 9 2 5 5 6 7 3 7 6 5 4 7 8 4 4 8 5 4 8 3 6 5 9 6 4 6 5 5 5 6 5 4 6 6 5 5 7 5 4 6 4 7 3 4 5 4 6 5 7 3 2 4 4 7 9 6 3 3 
3997097 42 6 9 2 4 6 9 2 5 6 6 7 3 6 5 5 5 7 8 4 4 7 5 4 8 3 8 5 8 6 5 5 5 6 4 5 5 4 6 6 5 5 6 5 4 5 3 9 2 3 5 4 6 4 9 2 2 4 4 7 9 7 2 2 5 4 6 5 10 1 1 5 8 9 3 7 3 1 5 4 6 3 8 4 1 
3997097 43 5 8 3 4 6 6 6 5 5 4 4 4 7 5 6 7 9 5 3 8 2 6 2 5 6 7 3 5 5 5 4 5 5 4 6 5 6 7 9 8 5 8 6 5 5 5 6 5 2 5 4 4 4 3 5 4 5 5 8 4 3 5 3 5 6 8 4 4 5 4 6 2 6 10 9 6 3 6 4 5 5 3 4 2 
3997097 44 5 5 4 4 4 7 6 6 8 9 5 3 8 3 6 2 5 6 7 3 6 5 6 4 5 5 4 7 5 7 7 9 8 5 9 6 5 5 5 6 5 3 5 4 4 4 3 6 4 5 6 8 3 3 5 4 5 7 9 3 4 5 5 6 2 6 10 9 6 4 6 4 4 5 3 5 3 6 5 7 5 3 8 5 
3997097 45 9 5 4 6 5 7 7 9 7 5 6 6 6 6 8 4 4 9 9 2 6 7 3 5 5 5 5 3 8 9 9 3 5 8 8 9 5 5 4 3 5 4 10 5 6 5 2 6 10 10 4 5 6 1 1 9 10 5 6 6 1 5 10 10 5 5 7 1 1 7 10 5 5 7 1 1 10 10 5 6 8 1 1 10 
3997097 46 9 7 5 6 6 6 5 8 4 4 9 9 2 5 7 3 4 5 5 5 3 8 9 9 3 6 8 7 9 5 5 4 4 5 4 10 5 6 5 3 7 9 10 5 5 6 2 1 8 10 5 6 6 2 5 9 10 5 5 7 1 1 6 10 5 5 7 1 1 10 10 5 6 8 2 1 9 10 5 5 8 2 2 7 
3997097 47 5 4 5 6 5 5 6 6 5 5 9 9 5 5 6 4 5 4 3 5 4 6 4 5 5 6 5 4 10 9 9 4 5 5 4 10 6 4 5 4 10 9 10 5 5 6 4 5 6 10 5 5 5 1 5 5 10 5 5 9 1 5 5 10 5 5 8 1 6 5 10 5 5 6 1 6 6 10 5 4 4 2 6 7 
3997097 48 7 4 6 7 5 3 5 7 4 7 4 8 6 6 6 9 2 4 6 9 2 5 6 5 7 3 6 5 5 5 6 8 4 4 7 5 4 7 3 7 5 8 6 5 5 6 5 5 5 5 5 5 6 5 5 6 5 5 4 4 7 2 3 5 4 5 5 7 2 2 4 5 6 9 6 2 2 5 5 5 5 9 1 1 
3997097 49 7 4 7 4 8 6 6 6 9 2 4 6 9 2 5 6 5 7 3 6 5 5 5 7 9 4 3 7 5 4 7 4 7 4 8 6 5 5 6 5 4 5 5 4 6 6 5 5 6 5 5 4 4 7 2 3 5 4 6 5 7 2 2 4 4 7 9 6 1 2 5 4 6 5 9 1 1 5 8 9 4 6 3 1 
3997097 50 5 5 3 4 6 5 8 5 5 5 5 6 5 6 4 5 6 9 4 5 7 5 5 5 6 9 3 3 5 10 9 4 3 7 4 5 4 5 4 5 9 4 5 4 5 6 7 10 7 5 7 4 5 2 4 3 5 6 8 5 2 10 2 5 5 6 5 5 8 4 6 10 10 6 10 10 4 9 10 1 6 9 8 7 
3997097 51 5 6 4 6 7 7 5 5 4 6 4 4 5 9 5 6 8 4 4 3 3 6 3 7 9 9 4 5 5 9 3 5 6 5 7 5 5 4 5 3 8 4 6 8 9 6 2 10 1 6 2 5 9 7 1 5 5 6 4 6 4 3 7 5 6 7 10 8 5 10 6 5 5 6 5 5 1 5 4 4 4 3 5 2 
3997097 52 5 4 6 4 5 5 8 5 6 7 4 5 3 4 6 3 6 9 9 4 6 5 8 3 5 7 5 7 5 5 4 5 4 7 5 6 7 8 6 3 8 2 6 2 5 9 8 1 6 5 6 4 6 5 3 7 5 6 6 10 8 4 9 6 5 4 6 6 4 2 5 4 4 4 4 5 4 5 5 7 4 4 5 3 
3997097 53 5 6 7 3 4 4 4 6 4 6 8 8 5 7 5 8 3 5 6 6 8 5 5 4 4 4 7 6 6 7 8 5 3 8 2 6 3 5 8 7 3 6 5 6 4 6 5 4 8 5 6 6 10 8 5 10 6 5 4 5 6 5 2 5 4 4 4 3 5 4 5 6 7 4 3 5 3 5 7 8 4 4 5 5 
3997097 54 6 4 7 8 8 5 6 5 8 3 4 6 6 7 5 5 4 3 4 7 5 6 7 9 5 3 8 2 6 3 5 8 7 3 6 5 6 4 5 5 4 7 5 6 7 10 8 5 10 6 5 5 5 6 5 2 5 4 4 3 3 5 4 5 6 8 3 3 5 2 5 7 8 3 4 5 5 6 3 6 10 9 6 2 
3997097 55 5 4 4 6 5 6 6 5 9 9 4 5 7 3 5 3 4 9 3 3 8 6 6 6 5 5 3 6 6 5 5 5 7 7 7 6 6 5 4 8 7 3 6 8 1 4 6 6 3 6 10 1 3 7 10 1 6 9 9 4 6 9 1 6 10 10 1 10 10 2 8 10 1 1 9 9 2 5 10 1 3 7 8 2 
3997097 56 5 8 8 5 5 7 3 5 2 5 9 2 3 8 6 6 7 5 5 3 7 6 4 6 5 7 7 7 6 6 6 4 8 7 4 6 7 2 5 6 6 4 6 10 3 4 7 10 1 6 8 8 4 6 9 2 6 10 10 1 10 10 3 8 10 1 1 8 9 3 5 10 1 4 7 8 3 5 7 3 4 6 8 1 
3997097 57 10 8 8 5 3 4 9 9 5 4 6 5 7 6 9 6 5 6 6 6 5 8 4 4 9 9 3 5 7 3 4 5 5 5 3 8 7 8 3 5 8 6 9 5 5 3 3 5 4 10 4 6 5 2 7 8 10 4 5 6 1 1 7 10 4 6 5 1 5 8 10 5 5 7 1 1 6 10 5 5 7 1 2 10 
3997097 58 6 7 2 8 7 9 7 6 3 6 4 3 7 7 5 4 5 5 5 5 7 6 9 8 8 8 5 6 6 5 5 4 4 4 4 6 5 7 5 6 4 2 10 10 10 3 5 4 4 10 10 1 4 4 10 10 10 10 4 6 4 3 7 10 10 4 5 1 4 6 10 10 8 7 1 6 6 10 10 9 7 1 9 6 
3997097 59 6 5 5 4 3 9 8 5 5 5 6 6 6 7 6 5 5 9 9 6 7 6 5 5 4 4 4 4 6 5 5 6 6 4 3 10 10 10 4 6 4 4 10 6 3 5 5 10 10 10 5 4 7 4 3 8 10 5 4 5 1 5 6 10 5 5 9 1 7 7 10 5 5 8 1 10 7 10 5 5 6 2 10 10 
3997097 60 7 9 2 4 6 2 3 4 5 6 9 8 4 5 5 6 7 5 7 7 5 5 6 8 3 5 7 5 4 3 5 6 3 7 8 4 3 5 6 3 5 7 4 4 5 7 2 6 8 5 6 10 3 5 10 8 5 4 4 5 5 6 10 5 4 4 6 3 9 9 6 7 10 4 7 9 10 6 4 4 5 5 5 10 
3997097 61 6 4 5 9 2 4 3 8 9 9 5 7 4 5 7 6 4 4 7 4 6 7 4 5 6 5 5 7 7 4 5 4 7 7 8 6 5 4 4 5 9 4 5 5 5 6 4 7 8 5 4 5 6 4 5 10 5 4 6 4 6 6 10 6 4 5 5 5 6 8 5 4 5 5 5 6 9 5 4 5 4 6 4 5 
3997097 62 5 5 4 5 5 4 7 4 5 6 9 4 4 7 5 5 4 5 9 3 3 5 10 9 4 3 6 4 5 4 5 4 5 7 4 5 4 5 6 7 8 7 5 7 4 4 2 4 3 5 6 8 4 2 9 1 5 5 6 4 5 7 4 6 10 10 5 10 8 4 9 10 1 5 9 7 8 8 10 1 4 5 6 7 
3997097 63 4 5 6 9 5 4 8 5 5 4 6 9 3 4 5 9 9 4 4 6 5 5 4 5 4 5 7 5 5 4 5 6 7 8 8 5 7 4 4 3 4 4 5 6 8 5 3 9 2 5 5 6 5 6 7 4 6 10 10 6 10 8 5 9 10 1 6 9 7 9 8 10 1 4 6 6 8 9 6 10 4 6 8 4 
3997097 64 5 4 4 8 9 3 5 5 9 9 3 4 5 6 5 4 5 4 6 6 6 5 4 5 8 7 7 9 5 7 4 5 4 4 5 5 6 7 5 4 8 3 5 4 6 5 6 6 5 6 10 10 8 10 7 6 9 10 1 8 9 6 10 8 10 1 3 6 5 9 9 6 10 3 6 7 5 10 10 10 5 8 8 10 
3997097 65 5 9 9 4 5 4 6 5 4 4 4 6 6 6 5 4 4 9 8 7 9 5 7 3 5 3 2 5 5 6 7 5 4 8 3 5 4 6 6 7 5 5 6 10 10 9 10 7 6 9 10 1 9 10 5 10 8 10 1 3 7 4 9 9 6 10 3 7 6 5 10 10 10 6 9 8 10 10 10 10 3 8 5 10 
3997097 66 5 4 5 3 5 6 6 5 4 5 8 6 7 9 5 5 4 4 4 2 5 5 5 5 5 4 8 3 5 5 5 5 5 5 5 6 10 10 8 9 6 6 9 8 2 8 8 5 10 8 8 1 3 5 4 9 9 5 6 2 5 6 5 10 8 6 5 7 7 10 10 10 10 2 6 4 10 10 10 1 3 7 9 10 
3997097 67 5 4 5 8 6 7 8 5 5 5 3 3 2 4 5 4 6 4 3 8 3 5 4 5 4 5 5 5 6 9 9 7 8 7 5 9 7 3 7 7 5 8 8 8 1 2 5 4 7 9 5 6 1 5 6 5 10 7 6 4 6 8 10 10 10 10 1 6 5 10 10 10 1 2 6 9 10 10 10 1 1 6 10 10 
3997097 68 6 3 5 5 4 6 5 6 4 8 5 5 3 8 7 5 5 4 4 6 7 5 6 6 10 9 4 3 6 9 2 5 6 6 3 6 6 7 5 4 9 6 7 3 7 5 6 5 1 7 5 3 5 4 3 1 6 5 9 4 5 5 7 6 6 5 4 5 6 4 7 2 6 5 5 5 2 7 4 4 5 2 5 1 
3997097 69 7 5 5 4 4 6 8 5 6 7 10 9 4 5 6 9 3 5 6 6 5 6 6 8 5 4 9 7 7 3 7 5 6 5 4 7 5 4 5 4 3 3 6 5 9 4 5 5 8 6 6 5 4 5 6 6 7 2 6 5 5 5 4 7 4 5 5 3 6 3 6 6 10 4 4 4 8 6 5 9 4 4 7 5 
3997097 70 6 7 7 5 5 6 8 7 3 4 9 2 3 3 5 7 2 5 7 9 5 5 5 5 4 5 6 8 5 8 8 4 5 4 3 6 4 6 6 8 5 6 5 10 1 5 7 7 6 5 6 2 4 4 10 5 6 9 8 5 3 10 1 6 2 4 6 7 1 5 5 7 2 5 5 4 6 5 8 6 8 8 6 9 
3997097 71 7 3 5 9 2 3 3 5 6 4 5 7 8 6 5 5 6 4 5 6 8 5 6 8 4 5 4 3 6 4 7 6 8 5 6 5 9 3 5 6 6 7 5 5 4 4 4 10 5 6 8 8 5 3 10 1 6 3 5 6 7 1 5 5 6 4 5 5 4 7 5 7 7 8 8 6 10 6 5 5 5 6 6 1 
3997097 72 4 4 5 8 7 4 6 5 9 4 4 5 6 3 5 7 4 3 5 7 5 5 6 7 4 4 8 4 5 3 9 6 8 4 9 4 4 4 7 3 4 5 4 2 5 10 3 5 8 5 10 10 1 6 10 5 6 2 6 10 1 7 7 5 10 1 1 4 1 5 4 10 10 1 4 4 7 5 6 8 4 5 6 5 
3997097 73 5 8 4 4 6 6 3 5 7 4 4 6 7 5 5 6 7 4 5 8 4 5 4 9 6 9 4 8 4 5 4 7 4 3 5 4 3 5 9 3 5 7 5 10 10 1 6 10 5 6 3 6 10 1 7 7 5 10 1 1 4 1 5 4 10 10 2 4 4 7 5 6 8 4 6 5 5 6 3 8 10 1 5 9 
3997097 74 5 5 4 4 6 6 4 5 5 5 5 5 7 3 5 4 6 6 9 4 9 4 5 4 7 4 3 5 4 4 4 8 3 5 7 5 9 9 3 6 8 4 6 4 5 10 1 6 6 5 9 1 3 4 1 5 4 7 8 3 4 4 7 5 5 6 5 6 5 4 6 4 6 10 1 5 9 6 5 5 9 1 7 5 
3997097 75 6 4 7 8 3 2 7 6 3 6 7 6 5 8 6 4 6 4 9 6 5 6 6 3 6 5 4 5 6 9 3 3 6 8 2 6 6 8 5 4 7 4 6 10 10 1 10 8 5 8 10 1 1 9 7 5 5 8 1 3 6 7 5 5 6 3 5 4 6 4 7 6 1 4 9 9 4 7 10 10 1 10 6 7 
3997097 76 7 5 5 5 7 7 5 6 3 5 5 4 7 5 6 5 8 5 5 2 8 7 5 5 4 4 6 7 5 6 7 10 9 4 3 6 9 2 5 6 6 4 6 6 8 5 4 10 6 7 3 7 5 5 5 2 7 5 4 5 3 3 1 6 5 10 4 4 5 7 6 6 5 4 4 6 4 7 3 6 5 4 5 3 
3997097 77 6 4 7 5 5 3 8 7 5 4 4 4 6 7 5 6 6 10 9 4 4 6 9 2 5 6 6 4 6 6 7 5 4 9 6 7 3 6 5 5 5 3 7 5 3 5 3 3 3 6 5 8 4 4 5 7 6 6 5 4 4 6 5 7 2 6 5 4 5 4 7 4 4 5 2 6 3 6 6 9 4 3 4 7 
3997097 78 5 5 5 4 6 7 3 5 5 6 5 8 4 8 4 5 4 5 5 3 4 4 4 4 6 5 5 7 5 10 9 3 7 8 4 6 4 5 9 2 6 6 5 9 1 3 5 1 4 4 7 8 3 5 4 6 5 5 5 4 6 5 4 6 4 5 8 3 5 9 6 5 5 7 3 7 5 5 8 8 4 8 6 8 
3997097 79 5 3 6 9 2 3 7 6 5 8 6 5 4 7 6 4 7 5 7 6 7 6 5 7 4 8 6 5 6 6 3 5 6 5 5 6 9 3 4 6 8 2 6 7 9 4 5 8 4 6 10 10 1 10 8 4 8 10 1 2 8 8 4 5 8 1 4 7 7 4 5 6 3 4 5 7 3 7 6 1 4 8 9 4 
3997097 80 8 9 2 5 7 4 6 6 5 4 8 7 9 7 6 4 7 3 3 7 7 5 4 6 5 5 5 6 6 5 8 8 8 5 5 6 5 6 3 4 4 2 6 5 7 5 6 4 1 10 10 10 3 5 4 2 10 10 1 4 4 10 10 10 6 6 5 4 4 7 10 6 5 4 1 4 5 10 7 8 7 1 6 6 
3997097 81 6 4 5 7 5 4 9 6 4 5 6 6 5 6 6 5 3 7 4 3 6 6 6 4 5 5 8 3 6 5 6 6 4 7 5 6 9 9 2 9 7 5 8 9 1 2 6 7 5 5 5 1 5 5 6 5 5 5 4 6 4 5 4 7 5 2 6 6 9 5 7 10 10 2 7 5 7 5 8 1 2 10 1 8 
3997097 82 6 4 6 6 6 4 7 6 4 5 7 4 2 7 6 5 5 6 5 7 2 6 4 7 7 4 6 5 6 8 8 3 9 7 6 8 8 2 3 6 6 6 5 5 4 6 5 5 6 5 4 5 7 4 5 4 7 4 5 7 6 8 5 7 9 10 3 6 5 9 5 7 2 3 10 1 10 5 3 6 10 1 1 10 
3997097 83 5 5 5 9 9 4 9 6 6 3 4 7 8 4 5 4 6 6 4 7 4 5 5 5 5 4 4 4 5 4 5 6 4 3 6 6 9 9 3 6 7 5 7 4 5 7 2 6 7 5 7 1 3 7 4 9 5 4 5 7 3 3 9 6 9 10 3 7 5 7 7 4 5 10 1 7 10 6 7 2 4 5 7 4 
3997097 84 6 6 3 4 9 8 4 5 4 6 7 4 7 4 5 5 5 6 5 3 4 5 4 5 6 5 3 7 6 9 9 3 7 7 5 7 4 5 8 3 5 9 5 7 1 3 8 3 10 5 4 5 8 4 2 10 6 9 10 3 9 5 9 7 4 5 10 1 7 10 6 7 2 3 6 7 3 5 4 5 8 4 2 10 
3997097 85 5 4 6 7 4 8 4 5 5 6 6 5 4 4 5 4 5 6 6 3 6 6 9 9 3 7 8 4 7 4 5 8 3 6 7 5 7 2 3 8 4 9 5 4 6 8 4 3 9 6 9 9 3 9 6 7 7 4 6 10 1 7 10 6 7 3 4 6 8 3 5 4 6 8 4 3 8 6 6 7 8 10 4 4 
3997097 86 6 8 2 4 4 3 7 6 5 6 4 5 3 7 5 8 5 4 5 6 8 4 4 5 9 9 6 5 5 4 8 5 6 7 5 4 3 7 6 3 8 2 4 3 7 6 6 8 2 4 3 8 4 4 9 2 5 10 10 5 7 8 3 7 10 1 4 5 7 3 5 3 7 4 4 7 3 5 4 7 10 8 8 5 
3997097 87 6 6 5 4 5 2 7 5 9 3 4 5 5 8 4 5 3 9 9 5 5 5 5 8 5 6 6 6 4 4 7 6 3 7 3 4 4 7 5 5 7 3 4 3 8 4 4 8 3 5 10 10 5 7 8 4 7 10 1 4 5 6 4 5 4 6 4 4 7 4 5 4 6 10 8 7 5 5 5 5 5 7 7 3 
3997097 88 5 9 3 4 5 3 9 4 6 3 9 9 3 6 5 6 7 5 6 5 7 4 4 6 6 3 7 4 4 4 6 5 5 7 4 4 4 7 4 4 8 4 5 10 10 5 7 7 5 7 10 1 4 5 5 5 5 5 5 4 4 5 5 5 5 6 10 8 7 6 5 5 4 5 7 5 4 6 10 10 4 6 5 5 
3997097 89 6 5 4 4 4 3 6 6 4 4 5 5 4 5 6 5 5 6 8 5 5 6 4 4 9 8 6 9 6 5 6 4 5 7 5 10 10 9 4 3 9 3 9 6 3 4 5 10 1 9 7 4 4 5 10 1 8 6 3 5 7 7 1 7 5 4 4 4 10 1 8 8 10 4 4 10 1 9 6 4 4 3 9 1 
3997097 90 6 9 8 6 7 5 6 5 4 5 8 3 4 2 6 6 7 4 5 8 6 6 4 4 8 3 6 5 6 5 5 4 7 7 6 5 4 3 4 7 3 9 6 9 9 3 7 6 6 5 10 1 4 5 6 10 6 10 10 4 7 10 10 5 9 9 5 4 10 10 8 10 10 4 5 8 10 8 10 4 6 10 1 10 
3997097 91 6 4 6 8 4 2 8 6 5 6 6 5 7 2 6 4 7 7 4 6 5 6 8 8 3 9 7 6 8 8 2 3 6 6 6 5 4 5 6 5 5 6 5 4 6 7 4 5 4 7 4 5 7 6 8 5 7 9 10 3 6 5 10 5 7 2 3 10 1 10 5 3 6 10 1 1 10 6 8 10 3 7 9 7 
3997097 92 5 5 6 6 5 5 3 5 4 5 6 6 4 5 6 9 9 3 7 9 4 7 4 5 8 3 7 6 5 7 2 3 8 5 8 5 4 6 7 4 4 8 6 8 9 3 9 7 6 7 4 6 10 1 8 9 6 7 3 4 6 9 3 5 4 6 7 4 3 7 6 6 7 8 10 5 4 7 5 4 7 4 7 5 
3997097 93 5 4 5 6 5 4 4 6 8 8 4 6 9 2 7 4 5 8 3 7 5 5 6 3 4 7 4 8 5 3 5 8 3 3 8 6 8 8 4 8 6 5 7 4 5 10 1 8 9 6 6 3 4 5 9 1 5 4 5 8 4 3 7 6 6 6 8 10 5 3 7 4 4 7 4 7 4 7 5 4 7 3 8 1 
3997097 94 7 4 5 7 4 6 5 5 7 3 4 7 4 7 5 4 6 6 5 3 7 6 8 9 4 8 6 5 7 4 6 9 3 7 8 6 7 4 4 6 8 2 5 4 6 6 5 3 6 6 6 7 7 10 4 3 7 5 5 6 5 6 4 7 5 5 6 4 7 1 5 6 5 5 7 3 2 5 5 6 6 5 4 1 
3997097 95 5 7 3 4 7 4 6 5 4 6 6 5 4 7 6 8 9 4 8 6 5 7 4 6 9 2 7 7 6 7 3 4 6 8 2 5 4 6 6 5 3 6 6 6 7 7 10 5 3 7 5 5 6 5 7 4 7 5 5 6 4 8 1 5 6 5 5 7 4 2 5 5 6 6 4 5 1 7 6 7 4 6 7 4 
3997097 96 5 4 5 6 5 3 7 6 8 9 3 7 6 5 7 4 5 8 3 7 8 6 7 2 3 5 8 3 5 4 5 6 5 3 7 6 6 6 6 9 5 4 7 5 4 6 5 7 4 7 5 4 6 4 8 2 5 6 4 4 6 4 3 5 5 5 5 4 5 1 7 6 7 4 6 7 5 7 5 5 6 4 8 6 
3997097 97 6 8 9 3 7 6 6 7 3 6 9 3 7 8 6 7 3 3 5 8 3 5 4 6 6 5 2 7 6 6 6 6 9 4 4 7 4 4 6 5 6 5 7 5 4 6 4 7 2 5 6 4 4 6 3 3 5 5 5 5 4 4 2 7 6 7 4 6 6 5 7 4 5 6 4 8 7 6 7 4 4 6 7 3 
3997097 98 8 9 2 5 6 3 2 6 5 6 4 3 4 6 6 4 6 4 4 4 5 6 5 7 6 7 6 6 6 4 6 9 8 7 8 6 5 7 4 4 8 6 10 10 10 4 2 10 4 9 8 4 4 4 10 1 9 10 6 4 4 10 1 8 7 4 5 7 9 1 7 5 5 4 3 10 1 8 10 10 4 3 10 1 
3997097 99 6 4 5 5 5 3 6 6 5 5 6 8 4 6 6 4 5 9 8 5 7 6 5 6 4 5 5 6 10 9 9 4 3 7 5 9 6 3 4 5 9 2 9 7 5 4 5 8 1 8 5 4 5 7 5 1 7 5 4 4 4 7 1 8 8 9 4 4 9 3 9 6 5 4 3 7 1 10 6 6 4 2 8 4 
3997097 100 6 4 5 6 8 3 7 6 4 5 9 8 4 8 6 4 6 4 5 4 7 10 9 9 4 3 6 6 9 6 3 4 5 8 3 9 7 5 4 5 7 3 8 5 4 5 7 5 3 7 4 4 4 4 7 1 8 8 9 4 4 9 4 9 6 5 4 3 6 2 10 5 6 4 2 8 5 10 5 5 4 1 4 4 
3997097 101 6 3 5 10 8 3 8 6 4 6 5 5 4 7 10 9 9 4 3 6 7 9 5 4 5 5 8 4 9 6 5 5 5 7 4 8 5 4 5 7 4 4 7 4 4 4 4 6 2 8 8 9 4 4 9 5 9 5 5 4 3 6 3 10 5 6 4 2 8 6 10 5 5 5 1 3 5 10 5 6 5 1 6 6 
3997097 102 6 4 6 6 6 3 8 10 9 9 4 3 5 8 9 5 4 5 5 8 5 9 6 5 5 5 7 5 8 5 4 9 9 3 5 7 4 5 4 5 6 3 8 8 9 1 5 9 6 9 5 5 2 3 6 4 10 5 6 3 2 8 7 10 5 5 5 1 2 6 10 5 6 4 1 6 7 10 5 5 6 1 1 5 
3997097 103 10 9 2 5 5 4 7 10 7 5 3 4 4 4 8 6 6 6 8 4 3 6 4 7 9 8 9 8 6 4 7 4 3 7 6 5 4 7 6 6 5 4 6 4 8 9 9 6 2 6 4 7 4 4 5 1 6 4 7 5 6 5 1 10 10 10 4 6 5 1 10 7 5 4 5 10 10 10 5 7 6 5 4 7 
3997097 104 10 9 2 3 3 3 5 8 7 4 6 7 4 4 6 4 6 8 7 9 8 6 4 7 4 3 7 7 5 4 6 5 5 5 5 6 5 8 8 8 5 3 6 4 6 4 4 4 1 6 4 7 5 6 4 1 10 10 10 3 5 4 1 10 8 3 4 4 10 10 10 5 6 6 4 4 8 10 5 6 5 1 5 3 
3997097 105 6 5 6 6 5 8 2 6 4 7 7 4 6 6 6 8 8 3 9 7 7 8 8 2 3 6 5 7 5 4 5 6 5 4 7 5 4 6 7 4 3 4 7 4 5 7 6 10 6 7 9 10 3 6 3 10 5 7 2 3 10 1 10 5 3 6 10 1 1 10 6 8 9 3 7 10 8 7 2 6 10 1 9 8 
3997097 106 6 8 8 4 7 8 2 7 4 5 7 4 6 5 5 6 2 4 7 4 7 5 4 5 6 5 3 7 6 8 8 4 8 6 5 7 4 5 9 3 7 8 6 6 3 4 6 8 1 5 4 5 6 5 2 6 6 6 6 7 10 4 2 7 4 4 6 5 6 3 7 5 4 6 4 8 1 5 5 4 5 7 3 1 
3997097 107 3 7 8 4 7 7 7 4 3 7 6 5 7 8 5 7 3 4 6 7 2 3 7 3 5 8 3 6 3 3 5 9 2 3 5 4 6 7 4 5 6 6 5 3 6 10 2 6 5 5 6 5 6 8 8 4 3 5 4 5 6 4 7 3 5 7 4 8 5 9 5 4 7 5 5 7 5 6 4 6 7 6 7 7 
3997097 108 4 5 4 9 8 2 8 5 5 5 4 6 4 8 4 4 5 6 3 6 4 4 5 5 5 5 6 4 4 4 5 3 4 8 4 5 9 9 5 7 7 5 7 9 1 3 5 4 6 5 5 5 3 4 5 6 5 5 5 10 8 6 8 5 5 4 5 6 5 4 6 10 10 3 5 4 6 9 8 3 3 4 1 1 
3997097 109 10 9 6 4 5 1 2 8 7 2 5 6 6 4 6 4 6 4 3 6 7 6 4 6 4 3 6 6 6 5 7 6 7 7 6 6 4 6 9 8 7 8 6 5 8 4 4 7 6 10 9 10 4 1 8 5 9 6 4 4 4 8 1 9 7 6 4 4 8 1 8 5 5 5 6 7 1 7 5 5 4 3 8 1 
3997097 110 6 4 7 7 4 5 5 6 8 8 3 9 7 8 8 8 2 3 6 5 7 5 5 5 6 5 4 7 5 4 6 7 4 3 2 7 4 5 7 6 9 5 7 9 10 3 6 3 10 5 7 2 3 10 1 10 5 3 6 10 1 1 10 6 8 10 3 7 10 10 7 3 6 10 1 8 10 6 8 1 2 9 5 7 
3997097 111 6 7 7 3 9 7 6 8 7 3 4 5 6 5 5 4 5 7 4 4 5 5 4 5 8 3 4 3 7 4 5 7 6 9 5 7 8 9 4 6 4 9 5 6 3 4 10 1 10 5 3 6 10 1 1 10 6 7 8 4 7 10 7 7 2 6 10 1 8 7 6 7 2 3 8 5 5 6 6 7 8 10 1 9 
3997097 112 4 4 7 5 6 7 8 5 8 3 4 6 7 2 3 8 3 5 8 3 6 3 4 5 8 3 3 5 4 6 8 4 6 6 6 5 3 6 8 3 6 6 5 7 6 5 9 8 4 3 5 4 4 7 4 8 3 5 8 4 9 5 10 5 5 7 4 6 7 6 6 5 7 6 6 7 7 8 10 10 3 7 6 4 
3997097 113 10 9 2 5 4 2 2 6 5 6 4 4 5 7 6 4 6 4 4 5 7 5 5 6 5 5 7 8 4 4 6 10 9 7 5 5 4 7 5 6 7 5 4 4 7 7 2 8 2 4 4 7 6 5 8 2 4 4 7 4 4 8 2 5 7 8 6 7 8 3 7 6 4 4 4 7 3 5 4 7 5 3 7 4 
3997097 114 5 5 6 5 7 3 9 4 4 6 8 2 6 4 4 4 6 7 6 6 4 4 4 6 3 4 8 4 5 8 8 6 8 7 6 7 8 2 3 5 3 6 5 4 5 3 4 4 6 5 4 5 10 10 6 8 5 5 5 7 8 4 5 6 9 10 4 6 2 6 9 7 5 3 4 1 1 6 9 6 5 7 1 3 
3997097 115 9 7 8 4 5 7 7 8 4 6 8 2 5 5 7 7 2 4 6 3 5 5 3 6 7 8 3 8 10 8 6 4 6 6 6 9 4 5 7 5 8 2 7 8 1 4 7 5 5 6 4 6 5 5 6 7 8 5 6 4 5 4 8 8 4 5 6 4 10 6 8 6 3 4 5 5 10 7 3 4 9 4 5 7 
3997097 116 6 5 7 7 8 7 9 9 7 8 4 5 8 5 8 3 5 8 2 5 4 7 7 2 4 5 3 4 5 3 6 7 7 3 6 10 8 6 4 6 6 5 9 4 4 7 5 9 1 7 7 1 4 6 5 4 6 4 5 5 5 6 5 8 5 6 4 5 4 6 8 4 5 6 4 10 5 8 6 3 4 5 5 8 
3997097 117 8 5 4 5 6 8 6 6 5 3 4 6 6 6 4 4 5 7 3 7 6 4 9 7 5 8 3 8 7 5 9 3 6 6 6 9 4 6 9 3 3 2 7 5 3 4 5 6 6 6 5 7 5 7 9 9 9 6 9 3 5 9 6 8 4 6 6 4 6 5 7 6 2 3 5 4 5 5 4 6 5 7 4 6 
3997097 118 7 6 3 4 4 5 5 6 5 7 7 8 8 9 9 7 8 4 5 8 5 8 3 6 8 3 6 4 7 8 3 3 5 3 4 5 3 6 7 8 3 6 10 9 6 4 6 7 5 9 4 5 7 5 10 1 7 8 2 3 6 6 4 6 4 6 5 5 6 5 8 5 6 4 5 4 6 8 4 5 6 4 10 5 
3997097 119 7 7 5 10 9 7 6 5 4 2 5 5 5 7 8 9 9 5 4 8 6 8 4 5 5 5 2 3 8 4 5 5 5 6 8 8 5 7 5 5 4 3 10 10 10 5 6 5 9 7 5 4 5 5 5 10 10 5 4 5 5 5 4 7 2 6 5 6 5 7 9 8 8 5 5 7 6 7 5 6 5 6 7 4 
3997097 120 3 4 6 7 5 2 7 4 7 9 3 6 6 8 8 5 4 5 6 8 3 6 5 3 3 6 6 4 4 4 5 9 2 7 5 4 9 6 5 8 4 6 7 5 8 3 6 6 4 9 4 5 10 2 3 1 7 5 3 3 4 6 3 6 5 7 5 7 8 9 9 6 8 3 5 9 4 8 4 5 6 2 7 2 
3997097 121 4 7 8 4 6 6 9 8 5 4 6 6 8 4 6 4 3 4 6 5 4 4 4 5 9 2 7 5 4 9 6 6 8 2 7 7 5 7 4 6 6 4 9 3 5 10 2 1 1 7 5 3 4 3 5 4 6 5 6 6 7 9 9 9 6 7 4 4 10 4 8 4 5 7 2 6 2 7 6 2 3 5 2 3 
3997097 122 4 4 4 7 3 7 6 4 9 6 5 8 3 7 7 5 8 3 6 6 6 9 4 5 9 3 3 2 7 5 2 4 5 6 5 6 5 7 5 7 8 8 9 6 8 3 5 9 5 8 4 5 6 4 6 5 7 6 1 3 6 4 5 5 4 6 5 7 4 6 10 7 6 3 6 7 5 9 5 4 5 6 10 3 
3997097 123 7 6 7 4 7 5 6 9 3 5 9 3 2 2 7 6 2 4 5 5 6 6 6 6 6 8 7 8 9 8 8 4 6 8 6 8 4 5 6 4 5 5 7 9 1 4 6 3 5 5 3 5 6 8 3 6 10 10 6 4 6 6 6 9 5 4 6 6 10 3 7 9 1 4 7 5 5 6 4 5 5 6 6 6 
3997097 124 9 3 6 9 3 3 2 7 6 4 4 5 5 6 6 5 7 6 9 7 9 9 7 8 4 6 8 6 8 4 6 6 4 6 5 7 8 3 4 6 4 5 5 3 6 6 8 4 6 10 9 6 4 7 7 6 9 5 5 6 6 9 3 7 8 2 4 7 6 5 6 4 6 5 6 6 6 8 5 6 4 6 4 7 
3997097 125 6 5 4 4 7 6 6 4 4 5 7 3 8 6 4 9 7 5 8 3 8 7 5 8 4 7 7 6 9 4 6 9 3 3 2 7 5 3 4 5 6 6 6 5 7 5 7 10 9 9 6 9 4 6 10 6 8 4 6 6 4 7 5 7 6 2 4 6 4 5 5 4 6 5 7 4 6 10 7 7 4 6 8 5 
3997097 126 4 9 6 6 8 3 7 7 5 7 4 6 6 6 9 3 5 9 2 3 2 7 5 2 4 4 5 5 6 5 6 6 7 8 8 9 6 7 4 5 8 5 8 4 5 6 3 6 5 7 6 1 4 5 4 5 5 4 5 6 7 4 6 10 6 5 4 6 7 5 9 4 4 6 5 9 3 7 6 1 4 6 6 5 
3997097 127 3 9 2 4 6 7 3 2 3 6 9 2 3 8 3 6 8 4 6 7 7 4 4 7 6 5 7 7 5 6 5 4 5 7 3 3 6 4 5 8 2 5 3 4 6 8 1 2 5 4 5 8 4 5 5 6 5 3 7 8 2 6 5 5 5 6 6 8 7 4 3 5 5 5 6 4 7 3 5 7 5 8 4 8 
3997097 128 3 6 7 4 7 5 5 4 4 5 6 5 3 5 4 6 5 4 7 8 6 5 4 7 7 3 8 6 3 9 2 3 8 6 2 2 4 7 8 3 3 8 3 6 9 3 7 6 7 4 4 8 5 6 6 7 5 6 5 4 6 6 3 3 7 4 4 9 2 6 3 4 6 7 2 2 5 4 6 8 4 6 5 6 
3997097 129 4 4 5 6 5 3 5 4 6 5 4 7 7 6 5 4 6 7 3 7 6 3 9 2 3 8 6 2 2 3 6 8 3 3 8 3 6 8 4 7 6 7 4 4 7 5 6 6 7 5 6 5 4 6 6 3 3 6 4 5 9 2 5 3 4 6 7 2 2 4 4 6 8 4 6 5 5 5 4 7 7 3 5 5 
3997097 130 4 6 5 4 6 7 5 5 4 6 7 3 7 5 3 9 2 4 7 6 2 2 3 6 8 3 2 8 3 6 8 4 7 5 6 4 4 7 5 6 5 6 5 6 5 4 6 6 3 3 6 4 5 9 1 5 3 4 6 7 2 1 4 4 6 7 4 6 4 5 5 4 6 7 2 5 5 5 6 6 5 9 6 4 
3997097 131 2 3 6 9 4 4 8 3 7 8 4 7 7 6 4 4 7 5 6 7 7 5 7 4 4 6 7 2 3 7 3 5 8 3 5 3 4 5 7 3 3 4 4 6 8 4 6 6 5 5 4 6 7 3 7 5 5 6 6 5 8 8 4 3 5 4 4 6 4 6 3 5 8 4 8 5 8 5 5 7 4 6 7 5 
3997097 132 5 4 6 7 3 8 6 3 9 2 4 7 6 3 2 3 6 8 3 2 8 3 6 8 4 7 6 7 4 4 7 5 6 6 7 5 6 5 4 6 6 3 3 6 4 5 9 1 5 3 4 6 7 2 1 5 4 6 7 4 6 4 6 5 4 6 7 2 5 5 5 6 6 5 9 7 4 3 5 5 4 7 2 6 
3997097 133 6 7 7 4 7 5 5 3 5 7 5 7 4 6 4 3 5 7 4 2 6 4 6 5 5 6 8 7 5 4 7 9 2 7 7 3 9 2 4 7 6 2 2 3 7 10 2 3 10 3 6 8 4 7 6 8 4 4 7 6 5 6 9 5 6 5 4 6 6 3 3 6 4 5 9 1 6 3 3 6 8 1 1 5 
3998059 0 4 4 3 8 7 5 5 4 5 8 6 5 5 4 4 4 4 6 4 5 7 4 5 5 6 9 5 5 4 6 8 5 6 4 4 4 9 5 2 3 10 8 4 6 6 7 5 6 6 5 8 10 5 5 7 8 5 9 1 3 2 8 3 5 10 6 3 3 10 9 5 7 6 4 5 8 10 5 10 5 2 2 10 10 
3998059 1 4 5 7 6 5 5 3 4 3 3 7 5 5 7 4 5 4 6 9 4 5 4 6 8 5 6 4 4 4 9 5 2 3 9 8 4 5 6 7 5 6 6 5 8 10 5 6 6 8 5 9 1 3 2 8 3 5 10 6 3 4 10 9 5 7 5 4 5 8 10 5 10 4 2 2 10 10 5 9 8 3 3 6 4 
3998059 2 4 3 3 7 5 4 7 4 5 4 6 9 4 4 4 5 7 6 6 4 3 4 8 5 2 3 9 8 4 5 5 7 5 6 5 5 7 8 6 5 6 7 5 8 1 3 2 8 2 5 9 5 3 4 10 8 5 7 5 4 5 8 10 5 10 4 2 2 10 10 5 8 7 3 3 6 3 5 10 1 1 4 8 10 
3998059 3 4 3 5 7 9 4 5 4 4 7 6 6 3 4 4 8 5 3 4 8 8 4 4 6 8 6 5 6 5 7 8 6 6 6 8 5 7 2 4 3 7 3 5 8 6 4 4 10 8 5 6 5 5 5 7 10 5 9 5 3 3 9 10 5 7 7 4 4 5 4 5 10 3 2 5 8 10 5 9 3 5 8 5 10 
3998059 4 4 3 7 7 8 3 4 4 7 5 3 4 7 7 4 3 5 8 7 4 5 5 6 8 7 7 5 7 5 7 2 4 3 6 3 5 7 6 4 5 9 8 5 5 5 5 6 6 10 5 9 5 3 3 7 10 5 6 7 5 4 5 4 5 10 2 3 5 6 10 5 8 3 6 10 4 10 5 5 5 4 4 5 10 
3998059 5 4 7 5 3 4 6 6 4 2 6 9 7 3 4 5 6 8 7 8 4 6 5 7 2 4 3 5 3 5 7 6 5 5 9 6 5 5 6 5 7 5 9 5 9 5 4 3 7 10 5 6 8 5 5 4 3 5 10 3 3 5 6 10 5 8 3 6 10 3 10 5 5 5 4 4 4 10 5 7 10 4 5 2 8 
3998059 6 5 4 8 9 8 4 5 5 6 2 4 3 5 3 5 7 6 5 5 9 5 5 3 5 6 7 5 7 5 9 5 3 4 7 9 5 5 7 6 5 4 4 5 10 3 2 6 6 10 5 8 3 7 10 3 9 5 3 5 4 5 4 8 5 6 9 4 6 2 6 6 4 1 6 6 2 7 6 6 8 7 7 4 8 
3998059 7 5 8 3 8 7 4 4 5 7 4 2 2 3 6 4 3 6 8 6 5 5 4 5 8 5 5 7 4 4 4 6 6 5 8 9 4 6 7 4 8 7 6 4 6 8 4 6 4 4 4 10 7 1 3 10 10 4 6 7 6 5 10 7 5 10 9 4 5 10 10 5 10 5 1 3 10 3 5 10 7 1 4 10 10 
3998059 8 5 8 2 3 2 3 6 4 3 5 9 7 5 5 4 6 7 6 5 7 3 4 3 5 6 5 8 9 4 6 6 5 8 7 6 4 7 8 4 6 4 4 4 10 6 1 3 10 10 4 6 6 7 5 10 7 5 10 8 4 5 10 10 5 10 4 1 3 10 3 5 10 7 1 4 10 10 5 10 6 1 5 10 10 
3998059 9 4 2 6 9 7 3 4 5 5 8 7 8 4 5 5 6 2 4 3 5 3 5 7 6 4 5 9 5 5 4 6 5 7 5 7 5 8 5 3 3 7 9 5 6 8 5 5 4 4 5 9 3 3 6 6 10 5 7 3 6 10 3 9 5 5 5 4 5 4 7 5 6 10 4 6 2 6 6 5 1 5 6 3 7 
3998059 10 5 5 3 5 3 5 3 5 6 7 6 6 9 5 5 3 6 8 8 5 6 5 7 6 4 4 7 7 5 4 8 7 6 3 4 5 8 3 2 7 5 8 5 6 4 9 10 2 7 5 3 6 5 5 3 6 5 5 10 5 7 1 6 6 3 2 8 7 2 6 6 5 9 9 7 3 7 7 10 10 1 10 9 10 
3998059 11 3 7 2 7 8 3 4 3 6 8 7 7 5 4 3 4 6 3 4 5 7 3 4 7 5 3 7 6 3 8 4 7 5 5 4 3 4 6 3 6 9 9 3 6 6 4 5 8 6 3 10 7 1 6 9 1 3 10 4 1 7 6 9 4 10 6 10 10 5 5 3 10 6 1 6 7 10 3 10 7 1 7 5 1 
3998059 12 5 5 7 6 5 8 4 5 2 6 7 6 5 5 5 7 5 4 4 7 7 5 4 8 6 5 4 3 5 8 3 3 5 6 8 5 6 4 8 9 3 7 5 3 6 5 4 4 6 5 5 10 5 5 3 5 6 3 1 7 5 3 5 6 5 9 8 5 4 6 7 10 10 1 7 9 10 8 10 5 1 1 10 10 
3998059 13 3 3 9 8 8 8 5 4 9 5 7 7 7 3 3 6 3 6 6 3 4 3 5 6 6 6 4 4 3 5 5 2 4 4 8 3 5 5 4 3 6 7 3 6 4 6 4 4 5 3 5 5 3 4 7 10 3 5 5 3 4 7 8 3 7 5 1 5 7 1 3 10 3 1 5 5 10 4 10 5 10 9 5 6 
3998059 14 4 9 7 7 8 9 3 3 5 2 6 7 3 4 3 5 7 6 6 5 4 3 4 6 2 4 5 8 3 4 7 5 3 7 7 3 6 4 7 5 5 5 3 4 6 3 5 8 10 3 5 6 3 5 8 8 3 7 6 1 5 8 1 3 10 3 1 6 5 10 4 10 5 10 10 5 6 3 8 6 1 5 7 10 
3998059 15 3 6 8 8 9 4 3 3 4 6 3 4 4 6 3 5 7 6 3 6 6 3 9 2 8 6 4 4 3 4 5 4 6 8 8 3 6 5 4 6 8 6 3 10 6 1 7 8 1 3 10 1 1 8 5 9 4 10 5 10 10 4 5 3 10 5 1 7 6 10 3 10 7 1 8 4 1 4 10 7 2 10 6 2 
3998059 16 3 4 6 5 4 3 6 3 4 7 7 2 6 6 3 7 2 8 6 3 5 3 4 5 6 7 7 8 3 5 6 6 6 7 6 3 9 7 2 8 7 2 3 10 1 1 9 4 8 4 10 5 10 10 4 5 3 10 5 3 8 6 10 3 10 7 3 9 3 3 4 10 8 5 10 5 4 4 10 1 4 10 4 8 
3998059 17 5 9 8 10 9 4 7 4 3 4 5 5 2 3 4 5 4 5 4 8 7 4 6 4 5 5 5 8 4 5 5 4 5 7 4 5 5 8 4 4 5 3 4 6 2 4 3 8 8 4 5 3 5 4 7 2 4 7 3 3 3 10 10 4 6 5 4 3 10 1 4 6 3 4 4 10 6 4 10 10 3 3 10 10 
3998059 18 5 4 6 4 7 8 6 6 6 7 4 5 6 8 7 9 8 4 2 7 8 6 6 6 6 5 5 5 6 5 3 7 8 4 3 6 4 3 8 7 3 3 6 4 4 8 4 3 2 6 3 6 8 1 1 1 6 3 6 7 1 3 5 6 4 7 8 5 3 4 6 3 5 8 6 1 3 6 3 5 8 5 1 2 
3998059 19 6 6 7 3 5 7 8 7 9 8 3 3 9 8 6 6 7 5 5 6 6 6 5 4 7 8 5 4 6 4 4 8 7 3 4 6 4 4 7 4 4 3 6 4 6 7 2 1 3 6 3 6 6 1 3 6 6 4 7 7 6 3 5 6 3 6 7 7 1 4 6 3 5 8 5 1 3 7 3 2 7 7 6 5 
3998059 20 6 9 8 2 6 8 8 6 6 3 6 8 7 5 6 5 3 8 7 5 5 6 5 4 6 5 6 4 6 4 7 6 4 2 3 6 4 7 5 2 5 8 6 6 8 7 6 5 6 6 3 6 7 7 1 4 6 4 6 8 6 3 4 7 3 1 6 7 8 6 5 1 4 3 5 8 4 5 1 8 8 7 3 3 
3998059 21 6 6 4 10 9 8 4 5 2 4 5 3 5 5 5 6 8 5 5 4 3 5 8 3 5 5 3 7 5 6 7 5 6 7 6 5 6 7 5 5 6 8 5 6 6 4 5 8 7 5 7 2 5 5 7 8 4 1 3 5 5 8 9 4 2 9 4 4 9 9 5 5 10 5 6 7 6 5 4 5 5 5 8 6 
3998059 22 5 8 8 9 9 4 4 6 8 7 5 5 8 7 5 5 3 5 5 4 4 4 3 4 4 4 5 6 4 4 6 4 4 8 8 5 4 5 5 6 4 3 5 6 7 5 6 5 5 5 5 5 10 10 4 2 5 5 5 4 5 8 7 5 5 5 5 5 6 5 5 5 4 4 4 6 6 5 6 7 3 5 6 7 
3998059 23 7 9 7 3 5 9 9 5 6 3 8 8 4 4 5 5 4 3 2 4 5 4 4 6 8 7 5 5 4 5 8 6 6 5 4 4 4 6 6 5 5 6 4 5 7 5 10 5 5 4 5 8 4 7 4 4 4 7 7 1 3 10 7 4 5 7 6 6 7 5 5 6 9 4 6 8 6 5 7 5 1 3 10 4 
3998059 24 5 3 6 7 6 6 5 5 7 5 4 4 9 7 5 5 9 6 5 4 2 5 8 3 3 5 7 8 5 6 4 8 9 3 7 5 3 6 5 4 4 5 5 5 10 5 5 3 4 6 4 1 7 5 3 5 6 5 9 8 5 5 6 7 10 10 1 7 10 10 8 10 5 1 1 10 10 7 10 8 6 5 9 10 
3998059 25 6 4 6 5 9 4 8 7 7 6 4 6 8 5 7 5 6 9 5 5 3 7 7 8 5 3 6 3 6 7 5 4 5 3 7 6 2 2 5 6 8 7 6 1 10 10 6 7 4 5 1 1 10 9 7 7 5 1 10 10 10 5 4 5 1 7 10 10 2 3 4 1 1 10 10 1 2 4 1 9 10 10 1 2 
3998059 26 7 7 5 4 7 7 6 7 5 5 7 5 4 4 7 7 7 5 2 5 3 6 7 5 4 5 2 8 6 4 3 4 7 7 8 6 2 9 9 8 7 4 5 2 2 10 10 7 7 5 1 8 10 10 5 4 5 1 6 10 10 1 3 4 1 2 10 10 1 2 4 1 7 10 10 1 3 5 1 1 10 10 1 2 
3998059 27 7 6 6 6 5 4 4 7 8 7 4 3 5 3 6 8 5 4 5 2 7 6 5 4 4 6 7 7 6 4 8 7 6 7 4 5 3 3 8 9 7 7 5 2 8 10 10 5 4 5 1 6 10 10 1 3 4 1 3 10 10 1 2 4 1 7 10 10 1 3 5 1 1 10 10 1 2 5 1 7 10 10 1 3 
3998059 28 6 9 5 4 3 4 7 6 7 4 4 4 7 8 6 5 8 5 4 7 4 5 5 3 5 6 7 7 5 4 8 6 7 5 4 5 3 6 9 8 3 3 4 3 3 9 8 1 2 4 4 7 10 10 2 2 5 4 1 10 10 2 2 5 1 7 10 9 1 3 4 1 7 10 3 3 2 4 1 8 10 8 5 3 
3998059 29 6 8 4 3 3 7 8 6 7 8 4 3 7 5 5 6 4 5 5 7 8 5 5 8 5 6 6 5 5 3 6 8 7 4 4 4 3 4 8 8 3 3 4 4 7 10 10 3 3 5 4 1 10 10 3 3 5 1 7 9 8 2 4 4 1 7 8 2 4 3 4 1 8 10 7 5 4 4 2 7 8 6 4 4 
3998059 30 3 4 7 7 2 5 6 3 5 3 8 6 3 5 3 4 6 6 6 7 7 3 4 6 6 5 7 6 3 6 7 3 7 7 2 3 9 3 3 8 3 7 4 9 6 10 10 3 5 3 7 6 4 7 5 9 3 8 8 4 8 3 3 4 9 8 5 10 5 4 4 9 2 5 10 3 7 3 9 10 4 5 9 4 
3998059 31 3 5 6 4 4 5 7 3 5 6 5 5 4 3 4 7 7 9 7 5 4 4 7 4 7 8 4 6 3 7 8 5 3 7 4 4 2 3 3 6 9 8 4 6 3 8 5 1 6 4 6 6 9 4 8 8 4 6 4 3 5 7 5 3 3 4 1 4 7 4 3 3 7 1 3 6 5 3 5 7 1 2 9 6 
3998059 32 4 2 5 9 7 2 3 4 5 5 6 5 7 7 4 7 5 6 7 5 8 4 6 6 4 7 7 4 5 5 9 5 4 5 3 4 7 3 3 2 7 8 4 5 4 7 2 7 2 4 8 4 1 2 10 9 4 7 6 3 1 9 1 4 7 4 3 3 10 6 4 10 10 1 2 10 10 6 10 6 5 2 10 9 
3998059 33 4 3 6 8 7 4 5 4 8 7 8 8 4 9 4 5 5 4 3 8 5 4 5 2 6 6 4 4 3 3 5 3 3 7 7 4 7 7 4 5 7 4 4 7 7 6 5 8 10 5 6 7 5 3 4 1 5 10 5 3 2 7 7 5 5 4 7 4 6 10 4 5 2 7 5 3 9 4 5 9 5 2 6 7 
3998059 34 6 8 2 5 7 9 7 5 3 6 4 7 7 6 6 5 7 4 5 4 7 7 8 7 4 2 6 7 6 5 6 7 5 4 4 6 4 5 9 8 3 2 6 3 5 10 7 2 2 6 3 5 10 4 3 1 6 3 6 9 1 1 1 6 2 6 9 1 2 4 6 3 7 10 5 2 3 6 2 6 10 6 1 1 
3998059 35 7 9 8 2 4 9 9 6 7 7 4 6 6 7 6 5 4 6 8 6 5 6 4 4 7 7 4 5 6 4 4 7 5 5 4 6 4 7 6 3 3 3 6 4 6 6 1 4 7 6 5 7 7 6 5 6 6 3 6 7 7 2 4 6 4 6 7 6 3 4 7 3 2 6 7 6 5 5 2 4 5 5 7 4 
3998059 36 6 9 3 4 8 8 5 6 5 4 9 7 5 6 6 5 4 6 5 6 4 6 4 7 5 4 2 3 6 3 7 3 2 5 8 6 7 8 6 6 6 7 6 2 6 7 7 1 4 6 3 6 8 6 3 4 7 1 2 5 7 9 6 5 1 4 1 5 9 4 5 1 7 9 7 3 2 6 1 9 3 5 9 4 
3998059 37 6 6 3 8 7 6 6 6 6 3 5 6 7 4 6 5 7 5 4 4 3 6 4 6 2 2 6 9 6 9 8 6 6 7 7 6 3 6 7 7 2 5 6 4 5 7 6 5 4 7 1 1 4 7 9 7 5 1 3 1 5 10 4 5 1 7 8 8 5 3 6 1 9 3 5 10 4 6 1 7 4 6 9 3 
3998059 38 6 6 2 5 6 8 4 6 6 7 5 4 4 3 6 4 6 2 2 7 9 6 9 8 6 7 7 7 6 3 5 7 8 3 5 6 5 5 8 6 5 4 7 2 1 4 8 10 7 5 1 2 1 5 10 5 5 1 7 8 8 5 3 6 1 10 3 5 10 4 6 1 7 4 6 10 3 6 1 7 9 7 6 2 
3998059 39 4 2 7 6 2 5 2 4 4 8 7 7 4 4 6 7 4 9 8 9 6 5 5 4 4 4 6 7 5 7 7 4 6 5 6 5 8 3 4 6 4 8 5 7 6 4 6 8 8 5 7 6 4 6 7 9 5 7 6 3 6 9 8 5 7 3 4 6 8 9 4 5 3 4 5 9 10 4 5 7 3 5 10 9 
3998059 40 4 5 4 9 8 4 3 5 8 8 8 8 4 4 6 8 7 5 5 8 7 5 5 3 4 4 3 5 4 3 4 4 4 5 6 4 4 6 4 4 8 8 5 4 5 5 6 4 4 5 5 7 4 5 5 5 5 5 5 10 10 4 2 5 5 5 4 4 8 7 5 5 5 4 5 6 5 5 5 5 4 4 6 6 
3998059 41 6 9 8 8 5 8 7 5 5 3 5 5 3 4 4 3 4 5 3 5 6 4 5 7 3 4 8 8 5 5 5 8 8 4 3 5 6 7 5 7 5 4 5 6 5 10 10 4 1 5 5 5 4 5 8 7 5 5 6 5 6 6 5 5 5 5 2 4 6 6 5 7 7 1 5 6 7 7 9 7 4 4 7 10 
3998059 42 7 7 4 3 2 8 9 6 7 9 8 8 8 6 7 7 6 5 5 6 5 5 5 4 6 7 4 4 5 4 4 4 4 4 4 4 3 6 6 7 4 4 4 3 7 6 6 4 4 4 3 6 6 6 4 4 4 4 6 5 8 4 4 4 4 7 5 6 4 4 4 5 6 3 5 8 5 4 4 6 6 6 5 4 
3998059 43 6 8 9 9 8 9 9 7 8 5 4 5 7 7 5 5 3 6 7 4 4 5 5 4 3 2 4 5 4 3 5 6 6 4 4 4 4 6 5 5 5 4 4 3 5 5 5 5 5 4 4 5 4 8 5 5 4 4 6 4 6 4 4 4 6 6 1 3 9 5 4 4 6 5 5 6 5 5 6 7 4 5 6 5 
3998059 44 5 7 5 4 4 9 7 5 4 7 7 5 5 2 5 8 3 3 5 7 8 5 6 4 9 9 4 7 5 3 5 5 5 5 5 5 5 9 5 5 3 4 6 3 2 7 5 4 5 6 5 7 8 6 5 6 7 10 10 1 7 10 10 8 10 5 1 1 10 10 7 10 6 6 5 9 10 6 8 5 1 2 5 10 
3998059 45 8 9 4 4 6 9 9 7 7 9 9 8 5 5 6 4 4 5 7 4 6 7 5 4 5 5 5 5 7 4 5 6 4 4 4 7 5 7 5 3 5 3 6 5 3 5 4 3 6 6 3 1 5 5 5 6 6 2 10 6 5 5 4 5 1 1 7 7 5 6 5 1 9 8 7 4 4 5 1 5 10 8 3 4 
3998059 46 7 9 9 10 9 8 6 6 3 4 5 7 4 8 7 6 5 4 5 8 6 7 4 5 5 4 5 3 7 6 7 5 3 6 3 6 6 4 4 4 3 7 6 2 1 5 5 8 7 6 1 10 6 5 7 4 5 1 1 6 7 7 7 5 1 9 8 8 5 4 5 1 5 10 9 2 3 4 1 1 10 9 1 2 
3998059 47 7 8 6 4 3 5 3 6 8 5 4 4 2 7 6 6 4 4 5 7 7 6 5 8 6 5 7 4 5 4 3 7 7 7 7 5 3 7 9 8 5 4 5 2 6 10 10 1 3 4 2 3 10 10 1 2 4 3 7 10 10 1 2 5 3 1 10 10 1 2 5 1 7 10 10 1 3 4 1 6 10 4 1 2 
3998059 48 6 8 8 4 3 8 6 5 7 3 4 4 8 9 5 5 7 5 5 6 6 5 4 6 5 6 4 5 4 3 3 5 6 3 4 4 5 6 9 9 4 4 5 5 1 6 8 3 4 5 1 7 6 6 3 5 4 1 6 5 2 4 4 4 1 7 6 6 6 4 4 2 7 5 5 5 5 5 3 9 6 6 6 5 
3998059 49 6 7 4 10 9 5 4 6 5 5 5 4 8 3 6 5 5 5 4 7 8 5 3 5 5 4 4 5 6 4 5 5 5 3 7 6 9 9 5 6 6 6 6 7 1 5 5 6 9 5 4 3 5 5 5 6 5 2 6 5 5 7 8 5 7 8 5 6 6 8 5 7 1 5 5 7 10 3 1 1 5 5 6 10 
3998059 50 3 5 3 6 4 3 5 3 3 6 5 5 7 7 3 4 7 5 4 7 6 3 5 8 4 5 7 2 3 8 3 4 5 4 7 4 8 6 9 9 4 5 3 6 6 4 5 6 9 3 7 8 4 5 3 3 4 7 9 5 7 5 4 4 7 2 5 7 4 7 3 8 10 4 4 9 5 4 5 1 4 6 10 10 
3998059 51 3 3 6 6 4 7 6 3 3 6 6 4 7 5 3 5 7 4 5 7 2 3 8 2 4 5 3 6 4 8 6 9 9 3 5 3 6 6 5 5 5 8 3 6 8 5 5 2 3 4 7 9 5 7 4 4 4 7 1 5 7 3 6 3 7 10 5 4 9 4 4 5 1 4 6 10 9 4 7 1 5 6 1 7 
3998059 52 3 2 6 6 4 8 6 3 4 7 4 5 8 3 3 7 2 4 5 4 7 4 8 5 9 9 4 5 3 5 6 5 5 6 8 3 6 7 5 5 3 4 4 7 8 5 7 5 4 4 7 1 5 7 4 7 3 7 10 5 4 10 5 4 4 1 5 6 10 9 4 6 1 5 5 1 7 4 6 6 5 5 10 8 
3998059 53 3 2 6 4 4 9 3 3 7 2 4 5 4 7 4 8 5 9 9 4 6 3 4 5 5 4 7 8 3 5 7 5 5 3 4 4 6 7 5 6 6 5 4 6 1 5 6 4 7 3 7 10 5 3 10 5 4 1 1 5 5 10 9 4 5 1 5 5 1 7 4 6 5 5 4 10 9 4 5 1 5 5 10 6 
3998059 54 4 8 5 10 9 4 5 3 3 5 4 4 6 9 3 4 6 5 4 4 3 4 6 7 5 6 5 4 4 6 2 5 6 4 7 3 7 8 5 3 9 5 4 1 1 4 5 10 10 4 4 2 5 5 1 7 4 5 5 5 4 10 9 4 4 2 4 4 9 5 3 1 2 4 4 9 4 3 1 7 3 3 8 6 
3998059 55 5 9 9 4 5 6 8 5 6 3 4 4 6 6 3 6 5 4 3 6 4 3 5 5 5 7 8 8 3 4 5 7 7 5 3 3 3 5 9 7 2 4 3 3 5 10 10 5 3 5 6 6 10 10 3 5 4 4 5 7 8 2 4 4 5 5 6 7 5 5 4 5 5 6 8 4 6 4 5 5 6 8 5 5 
3998059 56 3 7 4 3 3 7 5 3 6 5 4 5 8 9 3 5 4 5 5 6 4 3 3 6 6 5 3 5 3 4 5 7 7 5 3 5 8 9 8 8 4 6 4 5 4 5 5 3 5 4 6 5 4 5 6 6 4 7 5 4 5 4 7 4 6 5 4 5 6 6 5 6 8 4 5 5 5 4 7 2 4 4 6 7 
3998059 57 3 7 5 3 4 9 9 3 5 4 4 4 7 4 3 3 6 6 4 3 5 3 4 5 7 7 6 3 5 9 9 8 9 5 6 4 5 4 4 4 4 5 4 6 5 4 4 7 6 4 7 4 4 5 5 7 4 7 5 3 5 6 6 5 6 8 4 4 5 5 4 7 2 3 3 7 7 4 6 4 4 3 6 5 
3998059 58 3 5 4 4 4 7 4 3 4 6 6 4 3 5 3 4 5 7 7 7 3 5 9 9 9 9 5 8 4 5 4 4 4 3 6 4 7 5 3 4 7 8 4 7 5 4 5 6 8 4 7 5 3 5 7 7 5 6 8 3 4 6 6 4 7 2 3 3 8 8 4 6 4 4 3 7 5 4 8 3 2 3 10 9 
3998059 59 3 3 6 6 4 3 4 3 4 5 7 7 7 2 5 8 9 8 9 5 7 4 5 4 4 4 3 5 4 6 5 4 4 8 7 4 7 4 4 5 6 8 4 6 5 3 5 7 6 5 6 8 3 4 6 5 4 7 2 3 3 8 7 4 6 4 4 3 8 5 4 7 3 2 3 10 8 4 7 6 3 3 10 4 
3998059 60 3 3 5 7 7 7 2 5 8 9 9 9 4 7 4 4 4 5 4 2 5 4 6 5 4 4 8 7 4 6 4 4 5 5 7 4 6 5 4 4 7 6 5 5 8 4 4 5 5 4 7 2 4 3 8 7 4 5 4 4 3 7 4 4 7 3 3 3 10 8 4 6 6 4 3 9 4 4 7 3 4 3 10 6 
3998059 61 4 5 6 7 6 7 7 4 8 5 7 8 3 8 4 6 6 4 8 6 5 5 4 9 5 5 3 4 4 8 3 3 3 7 7 4 3 5 8 3 6 3 4 10 4 1 3 10 9 4 8 7 2 2 10 2 4 8 4 2 4 10 6 4 10 10 1 3 10 10 6 10 7 6 3 10 9 5 9 1 1 2 10 5 
3998059 62 5 6 7 6 8 6 5 5 5 9 8 8 5 4 5 2 5 8 3 3 3 5 8 4 4 5 4 6 5 7 4 4 6 9 7 4 4 4 3 4 6 8 4 6 7 3 1 4 4 5 8 10 4 1 2 2 5 8 10 3 1 3 6 6 10 10 8 6 2 4 6 10 1 1 3 6 10 4 2 1 4 2 3 3 
3998059 63 3 4 6 2 3 7 5 4 6 8 6 7 4 4 4 7 6 6 4 3 5 4 8 2 5 4 9 9 3 3 5 8 8 5 4 4 5 7 6 6 5 6 4 10 9 6 9 5 8 4 8 5 1 1 7 6 4 8 2 4 6 5 5 3 5 6 1 1 6 7 4 10 8 2 3 7 5 4 10 8 4 3 7 10 
3998059 64 4 5 7 5 6 4 4 4 5 5 6 4 3 4 4 6 2 3 3 9 8 3 3 5 9 7 6 4 4 4 6 5 5 5 5 4 9 8 5 8 5 7 4 6 5 1 1 8 5 4 6 2 1 5 5 5 3 4 6 1 1 7 6 4 8 7 1 3 7 4 4 8 7 1 2 8 10 5 7 7 1 1 5 2 
3998059 65 4 5 5 6 5 3 4 4 6 2 5 4 9 9 3 3 5 8 7 5 4 4 4 7 6 6 5 5 4 9 8 6 8 5 7 4 6 5 2 2 7 5 4 6 2 4 6 5 4 3 4 6 1 2 6 6 4 8 8 2 4 6 4 4 8 7 4 4 7 10 5 7 7 4 2 5 1 5 10 5 1 1 6 6 
3998059 66 4 6 3 5 4 9 9 3 3 5 8 7 5 3 4 4 7 6 6 4 5 4 9 8 6 8 4 7 4 6 6 2 2 7 5 4 6 3 4 6 4 4 3 4 6 2 2 6 6 4 8 8 3 4 6 4 4 7 7 4 4 7 10 5 7 8 4 2 4 1 5 10 6 2 1 6 6 5 6 5 6 3 5 8 
3998059 67 3 3 5 8 7 5 3 4 4 7 6 6 4 5 4 9 8 7 8 4 9 4 6 5 4 3 9 5 4 6 2 5 6 4 4 3 4 6 3 3 7 7 4 8 8 4 5 7 4 4 8 7 5 5 9 10 5 7 7 5 3 4 1 5 10 5 3 2 7 7 5 6 5 6 4 6 10 4 6 2 6 5 3 9 
3998059 68 7 6 6 3 5 9 9 6 7 1 6 8 7 5 5 3 6 5 8 5 4 6 4 6 5 5 4 6 7 8 7 5 2 5 5 6 5 6 9 6 3 3 6 3 5 10 9 3 2 6 2 5 10 8 2 2 6 2 5 10 4 3 1 6 2 6 10 1 1 1 6 2 6 10 1 2 3 6 3 6 10 6 2 2 
3998059 69 4 5 4 5 5 4 4 3 4 5 5 3 4 4 4 4 7 5 4 5 4 4 6 9 6 7 5 5 6 9 4 9 9 9 8 5 7 4 3 5 6 8 5 9 8 3 7 5 7 5 9 4 3 7 4 10 5 9 6 3 7 8 9 5 9 6 3 6 7 10 5 9 6 2 7 9 10 5 9 3 3 7 8 10 
3998059 70 3 3 4 5 3 3 4 4 3 6 5 4 5 3 4 5 8 6 7 4 5 6 8 3 9 8 9 7 5 6 4 3 5 6 8 5 8 7 4 6 5 7 5 8 3 4 6 4 9 5 8 6 3 7 8 9 5 8 6 3 6 7 10 5 8 5 3 6 9 9 5 8 2 4 6 8 10 4 6 3 3 6 8 10 
3998059 71 4 2 8 7 6 4 2 6 6 4 9 9 9 5 5 4 4 4 3 5 6 5 6 7 4 5 5 4 5 8 4 4 5 3 8 5 6 6 4 6 7 7 5 7 6 4 5 7 9 5 7 6 4 5 9 8 5 7 3 4 5 8 9 4 4 3 4 4 8 10 4 4 7 4 3 9 10 5 6 9 4 6 8 7 
3998059 72 5 3 5 6 5 3 3 4 5 4 8 8 5 4 5 8 9 7 8 5 5 6 8 7 4 4 9 8 5 5 3 4 4 4 5 4 4 4 4 4 6 7 4 5 6 3 4 8 9 5 5 5 4 6 4 4 5 6 7 4 5 6 6 5 5 5 10 10 4 3 5 5 5 3 4 9 9 5 5 6 4 5 7 6 
3998059 73 6 7 8 7 9 5 6 7 6 4 3 3 8 9 6 7 8 8 6 8 6 7 7 5 5 5 6 5 5 3 4 6 6 3 4 5 3 4 4 4 3 4 4 1 5 6 6 4 4 4 2 6 5 5 4 4 4 1 5 6 5 4 4 4 2 5 5 6 4 4 4 2 6 5 6 3 4 4 4 5 3 5 7 4 
3998059 74 5 5 7 6 4 6 2 5 9 4 2 5 9 8 5 7 5 8 10 5 7 5 3 6 5 4 6 6 5 6 8 5 5 4 5 6 4 3 7 5 4 5 6 5 7 8 5 6 6 7 10 10 1 7 10 10 8 10 5 1 1 10 10 7 10 7 6 5 10 10 6 9 5 1 1 7 10 7 10 5 1 1 10 10 
3998059 75 5 9 4 2 5 9 8 5 7 5 8 9 4 7 5 3 6 5 4 6 5 5 5 8 5 5 4 3 6 4 3 7 5 4 4 6 5 7 7 5 6 6 7 10 10 1 7 10 10 8 10 5 1 1 10 10 7 10 6 6 5 10 10 6 9 5 1 1 7 10 7 10 5 1 1 10 10 7 9 5 1 1 7 1 
3998059 76 5 5 4 7 9 5 6 5 4 5 5 4 5 5 5 5 6 5 4 4 4 6 4 3 7 5 4 4 6 5 6 7 5 5 5 7 10 9 2 6 9 9 8 8 5 1 1 10 10 7 7 5 6 4 8 9 6 6 5 2 1 6 10 7 6 5 1 1 8 8 7 6 5 2 1 6 3 7 6 5 2 1 7 1 
3998059 77 6 3 3 7 7 4 4 6 4 6 8 7 4 4 7 8 9 4 8 6 5 8 7 5 3 3 9 9 7 6 5 7 6 6 5 6 5 5 4 3 4 6 7 5 5 4 1 6 5 7 5 5 4 1 4 3 7 5 5 4 1 5 3 6 5 5 4 1 4 6 6 4 4 4 1 6 6 6 4 5 5 1 5 4 
3998059 78 7 9 10 5 8 6 5 8 7 5 4 5 9 9 7 6 5 9 7 5 5 6 4 5 5 6 4 6 7 5 5 5 4 5 5 7 4 5 5 3 4 3 7 4 5 5 2 4 3 6 4 4 5 3 3 6 6 3 4 5 4 5 6 6 2 5 6 4 5 4 5 2 4 6 5 5 5 5 1 5 7 6 4 3 
3998059 79 3 7 3 4 4 5 7 4 8 6 9 9 5 5 3 3 6 5 4 9 8 3 4 7 5 4 3 3 4 6 8 5 6 7 4 4 6 3 5 6 4 7 3 7 10 5 3 10 4 4 1 1 4 5 10 9 4 4 2 5 5 1 7 4 5 6 5 4 10 9 4 4 3 4 4 10 5 3 1 3 4 4 10 4 
3998059 80 3 5 7 4 5 5 3 4 7 7 8 7 5 4 4 7 4 6 8 5 6 3 7 8 4 2 7 4 4 2 3 3 6 8 8 4 6 4 7 5 3 7 4 6 6 8 4 8 8 4 5 4 2 4 7 5 3 3 4 1 4 7 4 3 3 7 1 2 7 6 3 5 8 1 1 8 6 5 10 5 4 6 8 8 
3998059 81 3 4 5 5 5 6 3 3 3 5 5 3 5 4 3 6 5 5 5 3 7 3 6 4 4 4 4 5 4 8 9 5 6 9 7 4 6 4 10 9 6 8 5 10 10 4 7 10 10 6 9 1 3 4 9 10 5 5 2 4 5 9 10 6 8 8 4 7 10 10 5 10 1 4 8 10 10 5 6 5 4 6 10 10 
3998059 82 3 3 5 5 3 5 3 3 5 5 5 5 4 5 3 5 4 5 4 4 4 4 6 7 5 6 6 6 4 5 4 9 8 5 7 5 9 9 4 7 9 9 6 7 2 3 4 6 9 5 4 3 4 4 6 9 6 6 6 4 7 7 10 5 7 1 4 8 7 10 5 5 4 4 5 7 10 5 7 1 4 9 8 10 
3998059 83 5 8 2 4 3 6 7 3 7 6 3 3 6 5 3 6 7 5 6 8 9 3 5 6 5 6 5 4 3 3 7 7 6 2 5 3 4 6 8 9 5 3 5 8 8 10 10 3 6 4 5 6 6 6 2 5 4 6 6 5 6 6 6 4 7 6 5 6 4 7 4 6 7 5 6 5 6 5 6 8 5 5 4 5 
3998059 84 4 6 6 7 8 4 7 4 5 6 6 8 5 5 5 3 9 6 6 4 4 4 7 3 5 4 6 7 4 3 5 8 4 5 3 4 8 4 2 3 9 8 4 6 7 5 3 7 2 4 7 5 5 5 10 6 4 10 10 1 4 10 10 6 10 7 6 4 10 8 5 7 1 1 3 9 5 4 5 7 2 1 10 5 
3998059 85 5 5 9 8 8 5 4 5 2 5 8 5 4 3 5 8 4 5 6 4 6 5 7 4 5 7 9 7 4 4 5 4 5 6 8 4 6 7 4 2 4 4 5 8 10 5 3 3 2 5 8 10 4 1 3 6 6 10 10 8 7 3 5 6 10 1 2 4 7 10 4 2 1 5 4 3 3 3 1 7 3 6 7 7 
3998059 86 4 5 6 6 7 3 5 4 4 8 8 6 3 6 4 6 7 6 8 7 7 5 9 4 2 2 7 8 4 6 3 4 6 5 3 3 3 5 7 4 7 4 4 5 7 10 8 2 3 4 5 6 10 5 1 4 4 6 2 10 5 10 7 3 2 5 10 10 5 4 4 4 7 10 7 4 5 4 9 9 10 10 3 6 
3998059 87 4 4 8 6 6 4 6 4 6 7 5 7 7 7 5 9 4 3 2 7 8 4 6 2 4 6 5 3 3 3 5 6 4 7 4 4 5 7 9 8 3 4 4 5 5 9 5 1 4 4 6 2 8 5 10 7 3 3 5 10 9 5 4 4 4 7 8 7 4 5 4 9 8 9 10 4 7 4 6 5 5 2 8 5 
3998059 88 4 6 7 5 7 7 7 5 9 4 3 2 7 8 4 6 2 4 6 5 3 3 3 6 5 4 7 5 4 4 8 8 8 4 4 4 5 6 8 5 3 5 4 6 1 7 5 9 8 3 2 5 9 9 5 4 4 3 8 8 7 5 5 4 9 10 8 10 4 7 4 6 5 5 2 8 5 4 5 1 6 7 5 5 
3998059 89 5 9 5 3 3 6 8 4 6 4 4 6 5 3 3 3 6 5 5 6 5 4 4 8 7 9 4 4 4 5 7 8 6 3 5 4 6 3 7 5 8 8 3 2 6 9 10 5 4 4 3 8 7 8 4 5 4 10 10 7 10 4 7 4 6 6 5 2 7 5 4 6 3 6 7 4 5 3 3 7 4 2 6 6 
3998059 90 4 8 4 2 5 5 4 3 4 6 4 4 7 5 4 6 8 6 7 4 5 4 6 6 7 5 3 5 4 7 3 6 4 9 9 3 2 6 8 9 5 5 4 4 8 6 6 5 6 4 10 10 6 9 5 8 4 7 6 3 1 7 6 4 7 2 5 6 5 6 3 4 7 3 1 6 7 4 10 9 4 4 6 5 
3998059 91 4 8 7 9 9 3 7 4 5 5 4 4 8 4 4 5 2 6 7 3 4 3 3 5 3 3 6 5 4 7 7 4 5 6 4 4 6 7 6 5 7 9 5 6 7 6 3 3 1 5 10 5 3 2 6 6 5 5 4 8 4 5 7 4 4 2 7 5 2 7 4 5 9 5 2 5 5 6 8 3 3 1 1 5 
3998059 92 6 6 7 3 5 9 8 7 6 6 3 5 6 8 6 7 2 8 8 5 4 5 2 6 7 8 5 4 6 4 6 6 5 4 5 7 8 7 6 2 4 5 6 5 6 10 6 3 3 6 3 4 10 9 3 1 6 2 5 10 8 3 1 6 2 5 10 5 3 1 6 2 6 10 1 2 1 6 1 6 10 1 3 3 
3998059 93 5 6 6 7 6 8 6 5 7 5 4 5 7 5 4 6 3 5 5 4 5 3 3 4 4 3 3 5 4 3 7 4 4 7 3 4 8 9 9 9 5 9 6 10 4 10 10 10 10 5 10 4 1 7 8 10 5 10 7 1 9 7 10 5 10 3 1 8 4 10 5 10 6 1 9 10 10 5 10 6 1 8 10 10 
3998059 94 5 6 5 4 5 5 5 4 5 4 5 5 4 5 3 4 5 4 3 4 5 4 4 7 4 4 6 4 4 6 9 6 7 5 6 6 9 4 9 9 9 9 5 7 4 1 6 6 10 5 9 8 2 7 5 9 5 10 4 2 7 4 10 5 9 6 1 7 8 10 5 9 6 1 7 8 10 5 9 6 1 7 9 10 
3998059 95 4 5 6 4 5 4 4 4 4 5 7 7 4 4 5 3 4 5 3 4 5 4 5 3 8 7 6 5 5 8 9 7 8 5 6 6 8 7 3 3 9 9 5 5 2 2 3 5 7 4 3 3 2 2 7 8 4 5 6 2 2 9 10 5 5 4 3 5 5 6 5 6 6 2 4 6 7 5 5 4 10 10 5 4 
3998059 96 4 4 5 7 7 4 3 5 3 5 5 4 4 4 4 5 4 8 7 6 5 5 8 9 7 8 5 5 6 8 7 3 4 9 9 5 5 3 3 4 5 6 4 3 4 3 3 6 8 4 4 6 2 3 9 10 5 5 5 3 5 5 5 5 6 7 3 4 6 7 5 5 5 10 10 5 4 5 5 5 3 4 9 9 
3998059 97 5 6 3 5 5 4 5 4 2 4 5 4 6 7 4 5 7 5 4 9 9 5 5 5 5 5 4 4 5 8 8 5 5 6 5 5 7 5 10 10 4 3 5 6 6 5 5 10 8 5 6 6 5 5 7 6 5 6 5 5 5 7 7 5 8 8 5 5 7 8 7 10 7 5 5 8 10 4 10 1 5 5 9 9 
3998059 98 4 2 3 5 4 5 6 4 5 7 5 4 8 8 5 5 4 5 5 4 4 5 8 8 5 5 5 5 5 7 5 10 10 3 3 5 6 5 5 5 8 7 5 6 5 5 5 6 6 5 6 4 5 5 6 6 5 9 8 5 5 6 7 7 10 7 5 5 7 10 4 10 1 5 5 7 9 5 5 9 5 5 7 6 
3998059 99 4 3 7 5 4 8 8 5 4 3 5 5 3 4 5 8 9 5 5 5 5 5 7 4 10 10 3 3 5 5 5 5 5 8 7 5 6 5 5 5 6 6 5 6 3 5 4 6 6 5 10 9 5 5 6 7 7 10 7 5 4 7 10 4 10 1 5 5 7 9 5 4 10 5 4 7 6 5 4 4 5 4 7 5 
3998059 100 5 3 4 5 5 3 4 5 9 9 5 5 5 5 5 7 5 10 10 3 3 5 5 6 5 5 9 8 5 5 6 5 5 6 6 5 5 4 5 4 6 7 5 10 9 5 5 6 8 7 10 8 5 4 7 10 4 10 1 5 5 8 10 5 3 10 5 4 7 6 5 3 4 5 4 8 5 4 1 4 5 5 4 4 
3998059 101 5 3 7 4 4 5 4 5 3 4 5 5 4 4 6 7 7 8 9 4 5 7 7 3 3 3 8 9 6 7 8 8 7 8 5 7 7 4 5 5 5 4 5 4 2 7 6 1 3 5 3 3 5 4 1 3 4 2 4 7 6 1 3 4 3 5 6 6 1 3 4 2 4 6 5 1 4 4 3 4 5 7 1 3 
3998059 102 5 2 5 5 4 5 5 6 7 8 7 9 5 6 7 6 4 3 3 7 9 6 7 8 8 6 8 6 7 7 5 5 5 6 5 5 4 3 6 6 2 3 5 3 4 4 4 2 4 4 1 5 6 6 3 4 4 2 6 5 5 3 3 4 2 5 5 5 3 4 4 2 5 5 6 3 4 4 3 6 5 5 2 4 
3998059 103 5 4 5 6 5 5 5 5 4 6 6 6 4 4 6 4 3 7 6 4 4 6 4 5 8 6 5 5 7 9 9 4 8 7 6 8 7 4 3 2 9 9 7 7 5 7 6 6 6 6 5 4 3 2 5 7 7 6 5 3 1 6 5 7 5 5 4 1 5 4 7 6 5 3 1 5 4 6 6 4 3 1 4 6 
3998059 104 5 4 6 6 6 4 4 6 3 3 7 6 4 4 6 4 5 7 6 4 4 7 8 9 4 8 6 5 8 7 4 2 2 9 9 7 6 5 6 6 6 5 6 5 4 3 2 4 7 7 5 4 3 1 6 5 7 5 4 4 1 5 4 7 5 5 3 1 5 3 6 5 4 3 1 4 6 6 4 4 3 1 6 6 
3998059 105 6 3 5 8 7 4 4 7 8 9 5 8 6 5 8 7 4 4 4 9 9 7 6 5 8 7 5 5 6 4 4 4 5 4 6 7 5 4 4 2 5 4 7 4 4 5 2 4 3 7 5 5 4 1 4 3 6 5 4 4 2 3 5 6 4 4 4 2 5 6 6 3 5 5 3 5 3 5 3 3 6 5 5 5 
3998059 106 4 6 7 7 7 5 3 4 7 4 6 8 5 6 3 7 8 4 2 6 3 4 2 3 2 6 8 8 4 5 4 6 5 2 6 4 6 6 7 4 7 7 4 5 4 2 5 6 4 3 3 4 1 4 6 3 3 3 7 1 2 6 5 3 5 8 1 1 8 5 5 10 6 3 6 7 7 3 6 1 5 5 8 4 
3998059 107 3 4 5 5 5 4 4 3 4 5 5 4 4 3 4 6 7 5 6 6 5 4 4 4 9 9 5 6 5 9 9 4 7 9 7 6 6 3 4 3 6 8 5 3 4 4 4 6 8 6 5 7 5 7 7 10 5 6 1 4 8 7 10 5 4 5 5 5 7 10 5 7 1 4 9 7 10 4 1 2 5 6 6 10 
3998059 108 3 4 6 4 5 6 6 5 9 9 4 5 5 8 5 6 3 5 4 5 5 3 5 5 4 3 5 4 3 5 5 7 8 9 7 3 3 5 9 8 3 3 3 2 5 10 8 1 3 3 3 5 10 10 2 2 5 6 6 10 10 1 5 4 3 5 10 8 1 4 4 5 5 8 7 3 5 4 5 5 8 9 1 5 
3998059 109 5 2 5 9 5 4 4 5 7 4 5 7 5 7 5 7 4 5 8 9 7 4 4 5 4 6 6 8 4 5 6 4 3 5 5 5 7 9 5 4 3 3 5 8 10 4 1 4 6 6 10 10 10 8 3 5 6 10 1 1 5 7 9 4 2 1 5 4 4 4 3 1 7 3 7 7 7 4 2 6 5 10 6 6 
3998059 110 5 7 4 7 7 5 6 5 6 4 8 8 9 7 4 2 4 4 7 6 8 4 4 5 3 4 5 4 5 7 8 7 5 4 2 5 7 8 4 3 4 6 6 10 8 10 8 4 4 6 10 1 1 6 7 9 4 1 1 7 5 4 3 3 1 6 1 7 7 6 4 1 5 6 9 6 5 4 1 7 10 8 6 6 
3998059 111 5 5 3 5 8 9 7 4 3 4 4 6 7 8 4 4 5 4 4 5 4 5 6 7 5 5 4 3 5 6 7 4 3 4 6 6 9 8 9 8 4 5 6 10 1 2 6 7 9 4 2 1 5 5 4 4 3 1 5 3 7 7 7 4 2 5 5 9 7 5 4 1 6 6 8 6 6 4 3 5 5 9 9 7 
3998059 112 4 3 5 5 7 8 7 4 4 6 5 4 6 4 5 5 7 6 5 4 3 5 5 7 5 3 4 6 6 7 7 9 8 4 5 6 8 2 3 6 8 8 4 2 4 6 5 4 4 3 1 6 4 7 9 6 4 2 6 6 9 8 5 4 1 6 6 9 7 6 4 3 6 6 10 10 6 5 4 5 4 7 10 7 
3998059 113 4 5 2 7 3 2 2 3 4 6 3 5 6 7 4 5 6 6 7 5 5 4 4 8 8 6 5 6 4 6 7 6 8 8 7 5 9 4 3 4 7 8 4 6 3 5 6 6 2 3 3 5 7 5 8 4 4 5 7 10 8 4 3 4 5 6 10 6 3 4 4 6 2 10 6 10 7 3 2 5 10 9 6 3 
3998059 114 3 4 6 4 4 5 7 4 5 6 7 7 4 5 4 3 8 8 6 3 5 4 6 7 7 8 8 7 5 9 4 3 2 8 8 4 6 2 5 6 5 2 3 3 5 7 4 8 3 4 4 7 10 8 2 3 4 5 5 10 5 1 3 4 6 1 10 5 10 7 3 2 5 10 10 5 3 4 3 7 10 7 4 4 
3998059 115 5 2 5 9 8 3 2 5 4 6 6 7 4 4 5 6 6 5 6 6 8 6 7 7 4 4 8 7 7 7 6 4 3 6 7 6 7 2 5 5 5 5 5 5 6 5 5 5 4 6 6 6 5 4 4 5 7 8 7 5 2 4 5 6 6 6 5 4 4 4 6 5 5 6 6 4 3 6 5 5 6 5 3 3 
3998059 116 5 3 6 9 9 3 4 5 5 6 5 6 6 8 6 7 7 4 4 9 7 7 7 6 4 3 6 7 6 8 2 6 6 5 4 5 4 6 5 6 4 4 6 5 6 5 4 3 4 7 8 7 5 1 4 4 6 6 6 7 4 3 3 6 4 5 9 7 3 2 6 3 5 10 6 2 2 6 3 5 10 3 2 1 
3998059 117 5 5 6 6 8 6 8 6 7 7 3 4 9 7 7 6 6 3 3 6 7 6 8 2 8 7 5 4 5 3 6 7 7 4 3 6 4 6 6 4 3 4 7 9 7 6 1 4 4 6 5 6 10 4 3 2 6 3 5 10 9 3 1 6 2 5 10 7 2 2 6 2 5 10 3 2 1 6 2 6 10 1 1 1 
3998059 118 3 7 2 9 9 7 6 3 2 6 5 5 3 7 4 4 6 4 4 7 9 4 6 7 4 4 7 3 5 7 7 4 4 4 4 5 7 6 6 6 4 5 3 4 7 4 3 9 1 4 8 7 4 4 8 4 4 7 6 6 6 7 3 5 5 4 5 4 6 9 4 8 2 6 6 10 10 5 10 10 6 7 10 10 
3998059 119 3 3 5 3 3 5 3 4 6 6 4 5 5 4 4 5 5 7 7 4 4 5 4 4 5 4 3 6 4 6 3 8 7 8 7 5 9 9 6 8 8 9 6 9 7 2 3 10 10 5 6 2 2 3 6 10 4 4 4 2 3 10 10 4 5 6 1 3 10 10 5 5 4 2 5 6 8 5 6 7 2 4 10 10 
3998059 120 4 5 3 4 5 3 5 4 4 5 6 5 3 4 4 5 4 5 4 6 6 5 5 7 4 4 8 4 5 5 5 5 5 7 4 6 10 8 9 9 6 9 7 9 3 2 4 10 10 6 10 9 10 7 10 10 7 9 5 5 6 8 5 5 6 2 7 7 1 1 5 5 3 5 5 1 1 4 4 4 7 6 1 1 
3998059 121 4 4 5 6 5 3 4 4 4 4 5 4 5 5 5 4 7 4 5 6 4 5 4 5 5 6 5 4 6 8 8 9 9 5 6 7 8 3 3 4 9 9 6 8 9 9 7 10 6 7 8 5 5 6 6 4 5 5 2 7 7 1 3 5 5 3 5 5 1 4 4 3 4 7 7 1 3 4 4 6 6 6 2 3 
3998059 122 4 4 4 5 4 4 5 5 4 7 4 4 5 4 5 3 4 5 5 4 4 6 7 7 8 9 4 5 7 7 3 3 4 8 9 6 7 8 8 7 8 5 7 7 4 5 6 5 4 5 5 2 7 6 1 3 5 4 3 5 5 1 3 4 3 4 7 6 1 3 4 3 5 6 6 1 3 4 3 4 6 6 1 3 
3998059 123 3 4 5 5 4 4 2 4 6 7 6 6 5 4 4 4 5 9 9 4 5 5 9 9 5 7 9 7 6 6 3 4 4 5 7 5 4 4 5 4 5 7 6 5 7 5 7 6 10 5 6 2 4 8 6 10 5 4 5 5 5 7 10 5 7 1 5 9 7 10 4 2 2 5 6 6 10 3 1 5 5 6 6 8 
3998059 124 4 5 7 6 5 5 3 4 4 5 9 8 3 4 5 9 8 5 6 9 5 6 6 3 4 3 5 6 5 3 4 5 4 5 6 6 5 6 5 6 6 9 5 6 2 4 8 6 10 5 4 5 5 5 6 9 5 7 1 5 8 7 9 4 1 2 5 6 5 10 3 1 5 5 5 6 6 4 2 4 6 6 4 8 
3998059 125 5 9 8 5 7 9 3 6 6 4 2 3 4 4 5 3 5 5 4 4 4 6 5 7 7 6 5 7 5 6 3 5 8 5 8 5 4 6 8 5 6 7 5 7 3 6 9 6 7 4 1 3 9 6 5 8 3 1 6 8 6 5 4 4 2 5 10 7 3 6 3 1 5 9 7 4 4 3 2 5 10 8 5 5 
3998059 126 6 7 5 2 3 3 3 5 3 6 5 4 3 3 6 5 9 7 6 6 6 5 7 4 5 7 6 8 5 3 7 8 5 7 6 5 8 3 6 8 8 7 4 1 4 9 6 5 7 3 1 7 8 5 5 3 4 1 6 10 6 2 6 3 1 6 9 7 4 4 3 1 6 10 7 5 4 4 1 6 10 9 7 7 
3998059 127 5 4 6 4 3 3 2 6 6 9 6 6 5 6 5 7 4 3 7 6 7 5 5 7 7 4 7 6 5 8 4 5 8 8 6 4 2 4 8 5 4 7 3 1 7 7 5 4 2 4 3 6 10 6 1 5 3 1 6 9 6 4 2 3 3 6 10 7 4 3 4 2 6 10 9 7 6 3 2 6 10 5 3 4 
3998059 128 4 4 6 5 4 6 5 5 5 7 6 5 4 3 5 5 7 5 3 5 6 6 7 7 9 9 4 5 6 8 2 3 6 9 9 4 3 4 6 6 5 4 3 2 6 4 8 10 7 4 3 6 6 10 8 6 4 2 7 6 9 8 6 4 3 6 6 10 10 7 5 5 5 4 7 10 7 4 3 5 5 9 10 4 
3998059 129 5 6 7 6 5 4 3 5 6 7 5 2 5 6 6 7 7 9 8 4 5 6 8 2 3 6 8 9 4 3 4 6 5 4 4 3 3 6 4 7 8 6 4 4 6 6 9 7 5 4 3 6 6 8 7 6 4 4 6 6 9 10 6 5 5 5 4 6 10 7 4 4 5 5 8 8 4 3 3 6 6 7 10 5 
3998059 130 6 8 7 9 7 3 4 6 8 2 3 3 7 9 4 4 4 6 3 3 3 3 4 6 4 5 7 6 4 4 6 5 8 6 5 4 4 7 6 7 6 6 4 5 6 5 8 10 6 5 6 5 4 4 9 7 4 5 5 5 7 8 3 3 4 6 6 6 9 4 4 4 7 8 8 5 4 4 4 6 8 7 4 4 
3998059 131 6 9 2 2 3 6 9 4 5 5 7 3 2 3 3 4 7 4 5 6 6 4 5 6 6 7 5 5 4 4 7 8 7 5 5 4 5 7 6 8 8 6 5 6 6 3 4 8 7 4 5 5 5 6 6 3 3 4 6 7 5 8 4 4 5 7 10 8 4 3 4 5 6 10 6 3 4 4 5 5 9 6 10 6 
3998059 132 4 5 5 4 4 8 5 4 5 2 8 9 3 5 3 2 6 3 4 6 6 4 8 7 4 6 6 5 4 7 7 7 6 7 9 5 6 7 7 3 3 3 5 10 5 3 2 6 6 5 5 4 10 5 5 8 4 5 2 9 7 2 7 4 5 9 6 3 5 6 6 9 3 3 1 1 6 8 10 10 10 8 2 8 
3998059 133 6 3 2 6 6 3 3 5 3 4 9 8 4 3 5 5 6 5 7 5 5 5 7 6 4 5 7 8 6 8 8 4 3 8 7 7 7 6 4 3 7 7 6 8 1 4 5 6 5 5 6 5 4 5 5 5 6 7 6 4 4 5 5 7 8 7 4 2 5 5 6 7 6 5 4 4 4 6 6 2 5 6 4 4 
3998059 134 5 9 3 9 9 9 9 3 6 3 6 6 5 5 3 4 6 5 5 4 5 4 4 7 4 4 5 6 4 5 7 4 4 5 4 5 5 7 4 4 4 4 5 6 6 5 5 4 5 3 4 7 4 4 6 3 4 6 7 4 4 6 4 4 5 6 5 5 5 4 5 5 5 4 4 5 6 4 6 3 5 5 8 7 
3998059 135 3 3 4 7 7 4 7 4 4 5 5 5 7 8 4 6 7 4 5 7 4 5 7 8 5 6 4 5 5 8 3 9 8 4 6 3 5 7 4 2 8 3 4 9 9 4 6 7 5 4 7 4 9 9 7 4 5 6 1 6 4 5 9 4 9 1 9 9 10 10 5 10 10 8 10 10 10 6 10 10 3 3 10 10 
3998059 136 4 3 4 5 5 6 9 4 5 6 4 5 6 5 5 6 7 5 6 3 5 5 7 2 9 9 3 6 3 3 6 4 2 8 3 4 8 8 5 6 7 5 4 7 3 9 10 6 4 5 4 1 6 4 5 9 4 8 1 10 9 10 10 5 10 10 8 10 10 10 6 10 10 3 3 10 10 5 9 1 3 3 9 10 
3998059 137 5 6 7 5 5 3 5 5 7 4 8 7 3 6 3 3 6 3 3 8 3 4 8 8 4 5 7 5 4 6 5 8 8 6 4 5 4 2 5 4 5 9 4 8 1 9 8 10 10 5 10 10 7 9 10 10 6 10 10 3 4 10 10 5 9 1 2 3 9 10 4 4 1 2 3 10 10 4 7 9 2 3 10 10 
3998059 138 5 7 8 5 5 4 5 5 5 4 10 10 2 2 5 4 5 5 5 9 7 5 4 5 5 5 6 5 5 4 3 5 5 6 6 5 9 8 5 5 6 7 7 10 7 5 5 7 10 4 10 1 5 5 8 9 5 2 9 5 5 7 5 5 2 4 5 5 8 5 4 1 4 5 5 3 3 6 9 6 5 4 9 10 
3998059 139 4 4 5 10 8 3 3 5 9 9 5 6 9 4 6 6 4 4 3 5 5 5 3 5 5 3 5 5 6 5 7 5 6 6 7 5 6 3 5 7 6 8 5 4 6 5 5 6 8 5 7 3 5 8 7 8 4 1 3 5 5 5 8 3 1 6 5 5 5 5 4 2 5 6 6 4 7 3 1 5 5 6 5 5 
3998059 140 5 6 7 5 2 4 6 6 7 7 9 7 3 4 6 8 2 3 5 7 9 4 4 4 6 5 4 3 3 3 6 4 6 8 6 4 4 6 6 8 7 5 4 3 7 7 7 7 5 4 4 6 6 8 10 6 5 5 5 4 6 10 7 4 4 5 5 7 8 3 3 3 6 6 6 10 4 4 4 6 8 8 6 4 
3998059 141 4 4 6 4 5 6 5 5 6 7 5 5 3 6 5 7 3 8 7 3 8 3 2 6 4 2 8 2 4 8 8 4 5 7 6 4 6 4 8 8 6 5 5 3 1 6 4 5 10 4 8 1 9 8 10 10 5 10 10 7 9 10 10 6 10 10 3 3 10 10 5 9 1 3 3 9 10 4 4 1 3 2 10 10 
3998059 142 5 6 6 7 7 3 5 3 3 7 3 3 6 3 4 7 8 4 5 5 5 4 6 6 7 8 5 4 5 4 5 5 4 4 7 4 8 2 8 7 9 9 5 10 10 6 8 8 10 6 10 10 3 3 10 10 5 8 1 2 3 7 10 4 4 3 2 2 10 10 4 7 8 1 3 10 10 5 7 4 2 5 7 10 
3998059 143 5 5 4 10 10 2 3 5 4 5 5 5 8 6 5 4 5 5 5 5 5 5 4 3 5 5 6 5 5 6 9 5 5 5 6 7 9 7 5 5 6 9 4 10 1 5 5 7 7 5 4 9 5 5 6 5 5 4 4 5 5 7 4 4 1 4 5 5 2 3 6 6 6 5 4 8 7 5 3 4 5 5 5 3 
3998059 144 7 10 8 8 9 8 9 4 5 3 4 5 3 5 4 4 5 8 5 3 4 4 5 4 5 4 6 6 5 5 7 3 4 7 4 5 5 5 6 6 6 4 6 8 9 10 10 6 9 7 8 3 1 3 10 10 6 8 9 10 8 10 9 7 8 5 6 6 8 5 5 5 2 10 7 1 1 5 5 3 5 5 1 1 
3998059 145 6 8 8 4 7 5 5 6 6 2 3 3 8 8 4 4 7 5 5 6 5 6 3 5 9 5 3 3 7 8 6 7 8 7 8 4 4 4 5 5 4 4 4 4 5 7 5 4 3 4 4 4 6 4 5 5 5 4 6 5 4 6 4 5 4 5 6 5 6 4 6 6 7 10 10 5 7 7 6 4 4 4 9 10 
3998059 146 4 6 8 3 5 7 6 6 4 6 9 5 3 3 7 9 7 6 9 8 9 4 5 3 4 5 4 5 4 4 5 6 5 4 4 4 5 4 5 4 6 6 5 5 7 4 4 8 4 5 5 4 5 5 7 4 6 8 8 10 10 6 8 7 7 3 2 3 10 10 6 8 8 10 8 10 9 7 8 4 5 6 8 5 
3998059 147 6 4 6 9 5 3 4 7 10 8 6 9 8 9 4 5 3 4 5 4 5 4 5 5 6 5 4 4 4 5 3 5 4 6 6 5 5 7 3 4 7 5 5 5 4 5 6 7 5 6 8 8 10 10 6 9 7 8 2 2 4 10 10 6 8 9 10 8 10 9 7 8 4 5 6 8 5 5 6 2 8 7 1 1 
3998059 148 6 7 2 3 3 9 8 4 5 8 4 5 6 5 6 4 6 8 5 3 3 7 9 7 6 9 7 8 4 4 4 5 5 4 5 4 4 5 7 5 4 4 4 5 4 5 4 6 5 5 4 7 4 4 7 4 5 4 5 6 6 6 4 6 7 7 9 10 6 7 7 7 4 3 4 9 10 6 7 8 10 8 10 8 
3998059 149 7 5 8 5 6 5 7 5 6 2 5 4 5 5 4 5 6 4 6 9 5 10 9 7 9 9 5 8 8 5 4 4 4 4 6 8 3 5 7 4 5 2 7 3 5 6 7 5 2 6 3 5 8 8 5 2 6 4 6 5 7 5 2 6 3 5 5 6 7 2 6 3 4 9 10 4 2 7 6 8 7 9 5 3 
3998059 150 5 4 6 5 6 8 9 7 5 8 5 6 4 6 5 6 2 5 4 5 4 4 5 5 4 5 8 4 10 9 7 9 9 4 7 8 4 4 4 3 3 4 8 2 5 7 4 4 1 7 2 5 7 6 5 1 6 2 5 8 7 5 1 6 3 6 5 7 5 1 6 3 5 5 5 6 1 6 2 4 9 10 3 1 
3998059 151 6 4 3 6 6 4 4 5 4 6 4 5 8 9 7 5 8 5 5 4 6 5 6 3 5 3 5 4 4 5 6 4 5 8 4 10 9 7 9 9 4 7 8 5 5 3 3 3 5 8 2 6 7 3 4 2 7 3 5 6 6 5 1 6 2 5 8 7 4 2 6 3 6 5 7 4 2 6 3 5 5 5 6 2 
3998059 152 1 3 6 2 7 6 2 3 4 9 8 7 8 6 4 9 5 7 7 7 5 3 6 3 6 5 3 6 3 6 6 6 5 4 6 3 5 5 4 2 4 8 3 5 5 5 1 6 8 3 6 4 6 3 4 6 3 5 5 4 3 7 10 3 6 5 4 3 7 8 3 7 5 1 4 7 2 3 9 3 1 4 5 10 
3998059 153 6 5 5 3 4 8 2 6 5 5 3 4 7 7 5 3 6 6 4 4 4 6 4 6 7 6 3 6 6 9 9 8 9 6 5 6 7 2 6 6 6 8 5 4 4 3 7 4 5 5 2 6 4 7 7 7 5 7 7 5 8 6 7 5 7 1 1 7 6 10 3 1 3 1 7 6 10 1 1 3 1 5 5 10 
3998059 154 2 3 4 3 4 4 3 3 5 5 6 6 6 4 3 4 5 5 3 5 5 3 6 5 8 7 4 8 3 6 4 3 5 5 6 4 9 9 7 8 9 8 4 7 4 10 10 6 9 5 10 10 1 10 10 10 6 9 1 1 4 9 10 5 5 2 1 5 9 10 6 8 8 2 10 10 10 5 10 1 1 10 10 10 
3998059 155 4 7 5 6 9 4 5 3 7 9 5 3 6 3 4 2 4 4 7 7 8 4 6 4 7 6 2 6 4 6 7 8 5 7 7 4 5 5 3 5 6 4 3 3 5 1 4 6 2 3 3 8 1 2 6 5 3 5 8 2 2 7 5 5 10 6 4 7 7 7 3 7 1 6 6 8 4 2 1 3 7 7 5 1 
3998059 156 2 4 5 6 6 2 4 3 4 5 4 5 6 5 5 9 9 4 6 5 8 5 6 3 5 4 5 5 3 5 5 4 3 6 3 3 5 5 9 9 9 7 3 3 5 10 9 4 1 3 2 5 10 9 1 2 3 3 5 10 10 3 1 5 6 6 10 10 1 4 4 3 5 10 10 1 3 4 4 5 10 8 4 4 
3998059 157 4 9 9 9 9 8 4 5 6 3 6 6 4 9 4 3 5 3 4 3 4 4 4 7 5 3 5 4 6 6 5 5 4 7 7 5 6 4 5 7 4 5 4 6 3 10 10 1 2 3 3 5 7 7 3 5 3 3 5 10 8 2 6 2 2 5 7 6 1 5 4 6 6 7 8 3 7 4 7 7 10 10 2 5 
3998059 158 5 7 4 5 5 6 9 4 2 7 4 4 5 5 4 4 8 5 4 6 5 6 6 6 5 4 8 7 5 6 5 5 6 6 5 4 7 3 10 9 2 3 3 2 7 6 6 4 5 3 2 7 8 6 4 6 2 1 7 5 5 2 5 4 6 8 5 6 4 7 4 8 10 10 8 3 5 3 7 3 9 8 3 6 
3998059 159 6 6 7 5 5 3 5 6 6 7 4 4 7 3 6 5 7 5 5 8 8 6 7 4 6 7 5 7 4 7 2 9 8 4 4 2 2 6 4 3 5 5 4 6 10 6 7 10 5 5 4 5 5 5 6 8 4 2 7 4 4 5 5 4 3 8 4 4 7 5 6 4 7 4 5 10 6 5 4 5 4 6 6 6 
3998059 160 6 6 6 4 4 6 3 6 5 6 5 5 6 8 6 7 4 6 7 4 7 4 7 3 9 8 3 4 2 2 6 4 3 4 5 4 6 9 5 6 9 5 5 4 4 4 5 5 8 4 2 6 3 4 4 5 4 3 7 4 4 5 5 6 4 6 4 4 8 6 5 4 5 4 6 5 6 4 4 4 9 10 1 4 
3998059 161 6 5 6 5 4 7 8 6 7 4 6 7 4 7 4 8 3 9 8 4 3 2 2 6 4 2 4 4 4 6 9 5 6 9 4 5 5 5 4 5 5 7 4 3 6 3 4 4 4 4 3 7 4 4 6 4 6 4 6 4 4 8 6 5 4 5 4 5 5 5 4 4 4 9 10 1 3 3 3 6 5 5 3 4 
3998059 162 6 7 4 6 7 5 8 4 8 3 9 8 4 3 2 3 6 4 3 5 5 4 7 9 6 6 9 4 5 5 5 5 5 6 8 4 3 6 4 4 4 5 4 4 7 4 4 6 5 6 5 6 4 4 9 6 5 5 5 4 5 5 5 4 5 4 9 10 2 3 3 3 6 5 5 4 5 3 3 6 7 6 3 6 
3998059 163 2 4 3 9 8 8 4 1 3 6 3 5 5 2 3 5 9 6 7 7 7 4 9 6 5 6 6 6 3 6 4 5 3 3 7 3 6 6 5 3 4 7 3 5 5 4 1 4 10 3 6 6 5 1 5 9 3 7 4 5 1 4 8 3 5 5 4 1 6 10 3 6 5 4 1 6 10 3 7 5 2 2 6 2 
3998059 164 2 8 8 3 5 9 9 2 3 3 5 4 4 4 3 5 6 7 7 6 4 3 3 7 6 3 5 5 3 7 6 9 8 4 6 3 7 3 5 6 5 5 4 10 10 8 10 8 6 4 7 1 10 10 6 7 5 10 10 1 10 10 8 6 10 1 1 5 8 9 5 6 1 1 6 8 9 6 9 10 3 10 10 10 
3998059 165 6 5 6 3 4 8 7 5 4 6 6 3 4 3 6 4 6 7 5 3 6 6 9 9 8 9 6 5 6 7 3 6 5 7 8 5 4 4 3 7 5 4 5 2 6 4 6 8 7 5 7 8 5 8 7 7 5 7 1 1 6 8 10 3 1 3 1 7 6 10 1 1 3 1 4 5 10 1 1 5 1 5 5 7 
3998059 166 4 9 2 3 7 4 3 2 4 5 9 8 8 4 1 4 7 4 4 5 3 3 4 8 6 6 7 8 4 6 6 6 5 6 6 3 5 5 5 2 3 7 3 5 6 5 2 4 7 3 5 6 4 1 4 10 3 5 6 5 1 5 10 3 5 6 5 1 4 8 3 5 6 5 1 6 10 3 5 6 5 1 6 10 
3998059 167 3 8 9 6 2 6 4 4 2 4 5 8 7 8 4 6 4 7 7 2 6 4 7 7 8 5 7 7 4 6 5 5 6 6 4 3 4 5 2 5 6 3 3 4 8 1 2 6 5 3 5 8 4 1 7 6 5 10 6 5 9 6 7 3 7 1 6 7 7 4 2 1 3 7 9 4 2 2 1 8 7 5 4 1 
3998059 168 4 6 7 4 4 6 9 4 8 8 8 8 4 3 3 7 2 8 8 4 5 2 3 5 4 4 3 6 2 4 6 5 5 7 4 3 5 6 4 4 9 6 5 10 10 4 5 8 10 5 9 2 5 3 8 5 3 7 5 4 2 9 1 3 6 6 7 8 10 10 3 3 5 9 8 8 1 3 1 6 10 8 5 1 
3998059 169 4 6 7 8 8 4 4 3 6 3 8 8 4 5 2 4 5 4 4 3 6 2 4 5 5 5 6 4 3 5 5 4 4 8 5 5 9 9 4 4 8 9 5 6 3 5 2 8 5 3 6 5 4 2 8 2 3 5 5 7 8 9 8 3 4 5 9 8 7 1 3 3 5 10 8 5 1 3 3 5 10 10 7 1 
3998059 170 3 6 4 9 9 3 5 2 3 5 4 5 3 5 2 4 6 6 6 6 4 3 5 6 5 5 7 5 5 9 9 4 5 7 9 5 6 4 5 3 7 4 3 5 5 4 2 7 2 3 5 6 8 9 8 8 3 4 5 10 10 7 1 3 3 6 10 10 4 1 3 3 6 10 10 6 1 5 6 6 10 10 5 3 
3998059 171 2 4 5 4 6 2 6 2 4 5 9 8 5 5 3 5 6 5 6 7 6 5 9 9 4 7 6 9 5 6 3 7 4 7 5 3 5 5 4 2 7 3 3 5 5 10 10 8 8 3 4 5 10 10 6 1 3 3 5 10 10 3 2 3 3 5 10 10 6 1 5 6 6 10 10 4 4 4 4 5 10 10 3 3 
3998059 172 4 3 6 4 4 5 5 4 5 8 5 4 6 5 6 7 6 5 4 9 8 5 7 4 5 6 6 6 4 7 2 9 9 3 2 3 3 6 6 6 5 6 3 3 6 8 6 4 7 2 3 6 5 5 3 6 4 7 8 5 6 5 9 4 9 10 10 8 4 6 3 8 2 9 8 3 7 2 2 6 5 6 3 8 
3998059 173 4 8 3 9 9 4 3 2 3 5 4 3 5 5 4 7 8 6 7 9 5 5 6 4 5 6 5 9 4 4 6 4 5 4 5 4 5 7 5 4 6 5 6 5 6 5 5 8 7 5 5 5 5 6 5 6 4 6 4 9 10 1 3 3 4 6 5 6 4 6 3 4 6 7 6 3 6 2 4 6 5 6 2 5 
3998059 174 2 3 5 4 3 4 4 4 9 9 9 9 8 4 5 7 3 6 7 5 9 4 4 5 3 5 3 4 4 5 6 5 5 5 4 6 6 5 5 5 7 7 5 6 4 5 7 5 5 4 6 3 10 10 1 2 3 4 5 8 7 3 5 3 4 5 10 8 2 6 2 4 5 7 7 1 5 4 6 6 7 8 3 7 
3998059 175 2 3 2 2 8 3 6 2 8 7 4 5 9 9 2 4 5 5 4 5 4 3 6 6 7 6 6 4 3 4 6 6 3 5 4 3 7 6 8 7 4 6 3 7 5 5 6 5 5 4 10 10 7 9 8 6 4 8 5 10 10 6 7 5 10 10 3 10 10 8 6 10 2 1 5 8 9 5 6 3 3 6 8 8 
3998059 176 4 3 4 6 8 7 8 4 7 4 8 7 2 6 4 8 7 8 5 7 7 4 7 5 5 6 6 4 3 4 5 4 5 6 3 3 4 9 3 2 6 5 3 6 9 5 1 7 5 5 10 6 6 9 7 7 3 8 1 7 7 8 4 2 1 3 8 9 5 2 2 1 9 8 5 4 1 2 1 5 6 3 1 1 
3998059 177 6 7 6 4 4 9 8 5 7 4 4 5 7 6 4 8 2 9 9 4 2 3 4 7 5 5 5 6 3 4 7 7 5 5 7 2 3 7 5 5 4 5 4 7 9 4 5 5 9 4 9 10 9 8 4 6 3 8 2 9 8 4 7 2 3 6 5 6 4 7 2 4 7 6 6 6 6 3 6 8 5 6 7 7 
3998059 178 4 7 2 8 9 3 2 3 4 5 4 4 8 5 3 4 5 6 5 6 6 2 4 5 4 4 3 5 4 7 7 4 5 8 8 4 8 8 8 7 5 6 3 7 2 8 7 5 7 2 3 5 4 5 4 7 2 4 6 5 5 9 6 3 5 6 4 5 10 7 5 10 10 4 5 10 10 5 9 2 5 4 10 6 
3998059 179 2 4 5 4 3 3 3 4 7 7 4 4 7 9 4 8 8 8 8 5 4 3 7 2 8 8 5 6 2 3 5 4 5 4 7 2 4 6 5 6 9 4 3 5 6 4 5 10 6 5 10 10 4 5 10 10 5 9 2 5 4 10 5 3 7 5 4 3 10 1 3 6 6 7 8 10 10 3 4 5 9 8 10 1 
3998059 180 4 5 8 4 4 7 5 6 7 6 4 4 9 8 5 7 4 4 5 6 6 4 7 2 9 9 3 2 3 3 6 5 5 5 6 3 3 6 7 6 4 7 2 3 6 5 5 3 5 4 7 8 5 6 5 9 4 9 10 9 8 4 6 3 8 2 9 8 4 7 2 2 6 5 6 3 7 2 4 7 6 6 5 6 
3998059 181 5 7 4 4 5 8 6 4 8 2 9 10 3 2 3 4 6 5 5 6 5 3 4 6 7 5 5 6 2 3 6 4 4 3 5 4 7 8 4 5 6 8 4 9 10 9 8 5 6 3 8 2 9 8 4 7 2 3 6 5 5 4 7 2 4 7 6 6 7 6 3 6 7 5 5 9 7 5 10 10 5 6 9 10 
3998059 182 3 4 5 4 4 8 4 3 4 5 6 5 6 6 2 4 5 4 3 3 4 4 7 7 4 5 8 9 4 8 8 8 8 5 4 3 7 2 8 8 4 6 2 3 5 4 5 3 7 2 4 6 5 6 9 5 3 5 6 4 5 10 7 5 10 10 4 5 10 10 5 9 2 5 4 10 6 3 7 5 4 3 10 2 
3998059 183 3 4 6 6 5 7 5 2 4 5 4 3 3 3 4 7 7 4 5 9 9 4 8 8 8 8 6 4 3 7 2 8 8 5 6 2 3 5 4 5 4 7 2 4 6 5 6 10 4 3 5 6 4 5 10 6 5 10 10 4 5 10 10 5 8 2 5 4 10 5 3 7 5 4 3 10 1 3 6 6 7 8 10 10 
3998059 184 4 2 8 9 7 3 4 6 7 7 5 3 4 4 5 8 2 4 3 4 3 3 5 5 7 8 7 9 2 4 5 4 6 8 7 2 6 6 4 6 7 6 4 10 7 5 6 7 10 4 9 5 5 6 6 10 4 10 10 7 7 6 10 6 10 2 7 6 4 9 3 6 2 4 3 5 4 2 1 6 7 6 4 2 
3998059 185 2 2 6 8 7 5 6 4 5 8 8 7 4 4 6 7 7 4 3 4 4 5 7 2 4 3 4 3 3 6 5 6 8 8 9 2 6 5 4 6 8 6 2 7 6 4 6 7 6 4 8 7 4 6 7 10 4 8 5 5 6 6 10 4 10 10 6 7 7 10 6 9 2 6 6 4 8 3 6 2 4 3 5 3 
3998059 186 2 6 7 4 8 7 6 2 3 2 3 7 3 6 2 9 7 5 5 8 9 2 4 5 6 4 4 4 3 6 6 8 6 5 4 3 5 6 7 3 5 4 3 8 6 9 6 4 6 3 8 5 6 5 5 5 4 10 10 9 8 7 6 4 8 5 10 10 5 7 5 10 10 4 9 10 8 6 10 2 1 4 7 9 
3998059 187 4 7 3 8 8 2 7 4 8 6 8 6 7 8 4 7 4 5 7 6 4 3 3 4 4 6 6 3 3 3 8 3 4 6 5 3 6 8 5 3 7 6 5 10 5 6 9 7 8 3 8 1 7 8 8 4 2 1 2 8 10 5 1 2 1 8 8 6 4 1 2 1 5 7 4 1 1 2 1 8 9 1 5 2 
3998059 188 2 3 5 6 5 5 8 2 3 6 8 7 5 6 4 6 8 7 7 4 4 6 7 7 4 3 5 4 5 7 2 3 3 5 3 3 7 5 6 8 9 8 2 6 5 3 6 10 6 2 7 6 3 6 9 5 4 8 7 4 6 9 9 4 8 5 4 6 7 10 4 10 10 5 7 8 10 6 9 2 6 6 5 8 
3998059 189 3 9 2 4 7 9 8 2 5 4 5 8 6 6 2 5 7 5 6 6 5 2 3 5 3 5 3 4 2 7 7 7 3 6 7 2 4 7 9 3 4 3 3 5 7 10 4 4 3 3 4 7 10 2 4 3 3 6 7 10 5 3 5 3 6 7 9 4 4 4 4 7 8 10 6 6 5 4 6 6 10 9 4 5 
3998059 190 2 6 2 4 9 7 7 2 6 7 4 7 7 5 2 3 4 3 6 3 5 2 9 7 6 4 8 8 2 4 6 7 3 4 3 3 6 7 9 5 5 4 3 4 7 8 2 4 4 3 7 7 10 5 3 5 3 7 6 7 4 4 4 4 10 9 9 7 7 6 4 8 6 10 10 5 6 5 10 10 4 8 10 7 
3998059 191 5 9 6 3 7 7 9 3 7 2 5 7 8 7 2 5 4 6 7 5 5 2 4 7 6 6 5 4 2 3 6 4 4 2 3 2 5 7 9 2 6 5 2 4 7 10 2 3 2 3 4 7 10 3 4 3 3 4 7 10 1 3 3 3 5 7 10 4 3 4 3 5 7 10 3 3 3 4 6 9 10 5 5 4 
3998059 192 4 5 6 9 6 7 8 4 5 3 6 6 4 4 3 4 3 4 6 4 3 3 4 8 3 4 3 5 3 5 8 5 3 9 6 5 9 5 7 8 6 7 3 6 1 7 8 9 4 2 2 1 8 9 1 2 2 2 8 8 6 1 1 2 1 4 7 4 1 1 2 3 8 10 1 1 2 2 1 7 10 1 1 1 
3998059 193 3 5 5 4 5 5 4 3 5 7 3 4 4 6 3 5 7 5 3 7 7 5 9 6 6 7 6 8 3 6 2 7 7 8 5 2 3 4 8 8 3 3 2 3 8 8 5 2 1 2 1 6 7 4 1 1 2 4 7 10 1 3 4 2 2 7 10 1 1 1 3 3 7 10 2 1 1 3 2 7 10 1 1 1 
3998059 194 3 5 7 2 4 5 6 3 6 7 4 3 7 7 5 9 6 6 7 6 8 3 6 2 6 7 8 6 2 4 4 7 8 3 4 2 3 7 7 5 3 3 2 2 5 6 4 1 2 2 5 7 9 1 4 4 2 3 7 10 1 1 1 3 3 7 10 2 1 1 3 3 7 10 1 1 2 3 4 7 10 3 1 3 
3998059 195 3 6 7 2 3 7 7 5 9 6 5 7 7 8 3 7 2 6 6 7 6 2 4 4 7 8 5 5 2 4 7 8 5 5 4 2 3 6 5 4 2 3 2 5 7 10 1 5 5 2 4 7 10 1 3 2 3 4 7 10 2 3 2 3 4 7 10 1 3 3 3 5 7 10 3 3 4 3 5 7 10 1 3 3 
3998059 196 4 5 5 6 6 4 5 3 4 5 4 5 4 3 3 4 7 3 4 3 6 3 5 7 5 3 8 7 5 9 6 7 8 6 9 3 6 2 8 7 8 5 2 2 4 9 8 1 1 2 2 7 9 6 1 1 2 1 6 8 4 1 1 2 3 7 10 1 2 3 2 1 7 10 1 1 1 3 2 7 10 2 1 1 
3998059 197 2 5 7 5 7 8 5 2 3 5 6 5 7 9 2 3 6 8 7 6 7 4 6 7 7 8 2 5 6 7 7 4 3 5 4 5 8 2 3 3 6 3 3 7 5 6 8 10 9 2 7 4 3 6 10 7 2 7 5 3 6 10 6 4 8 7 4 6 10 10 4 8 5 4 7 10 10 4 10 10 5 7 10 10 
3998059 198 1 4 5 5 4 6 6 2 6 7 5 7 8 5 2 4 2 5 5 7 9 2 4 4 8 7 6 7 4 7 8 7 8 2 4 6 8 6 2 2 5 4 5 9 1 2 2 5 2 3 8 2 6 8 10 10 2 8 1 2 6 10 7 2 8 3 2 6 10 6 4 9 7 3 6 10 10 4 9 3 3 7 10 10 
3998059 199 3 6 7 9 8 7 9 4 8 4 7 7 7 7 2 4 3 4 4 2 6 1 3 5 4 4 4 4 1 4 7 5 4 6 5 2 7 8 4 5 7 3 2 4 5 4 5 7 9 2 4 6 6 5 5 6 4 7 8 5 6 2 2 6 8 7 3 4 4 2 5 9 1 3 4 5 1 3 8 5 5 6 10 10 
3998059 200 2 5 7 7 7 7 6 3 7 7 8 8 8 8 4 9 4 6 7 7 6 2 5 2 3 3 2 5 1 3 5 4 4 4 3 1 5 7 4 4 6 4 2 7 9 4 5 7 3 2 5 5 4 4 7 9 2 5 6 5 5 5 6 4 8 9 5 5 1 1 6 9 8 3 3 5 1 5 9 1 3 3 5 1 
3998059 201 1 3 3 4 2 4 4 1 5 6 5 4 6 5 2 7 8 4 7 8 4 2 5 4 4 5 7 9 2 5 5 8 7 6 7 4 8 8 8 8 2 3 6 10 7 1 2 5 3 5 10 1 1 2 6 2 3 9 3 5 8 10 10 2 9 2 1 6 10 7 2 10 4 1 6 10 5 4 10 7 1 6 10 10 
3998059 202 4 9 4 9 9 7 6 2 5 3 4 4 2 6 1 3 5 5 4 4 4 1 5 7 5 5 6 5 2 7 8 5 6 7 4 2 5 5 5 5 7 9 2 5 6 7 6 5 6 4 8 9 7 7 1 2 6 9 8 3 4 5 2 5 9 1 2 4 5 1 3 8 5 5 7 10 10 2 8 4 2 6 10 6 
3998059 203 3 7 3 4 5 6 5 2 4 6 4 4 5 7 2 4 8 7 6 6 5 3 6 8 8 8 7 9 4 9 5 6 7 7 4 2 3 4 3 2 2 3 1 2 6 4 2 3 1 1 3 8 4 3 5 1 2 6 9 4 4 7 1 2 3 6 4 4 6 9 2 3 7 5 4 5 4 4 7 9 5 5 1 1 
3998059 204 2 5 5 4 5 6 7 2 5 8 7 7 7 6 3 7 8 8 8 8 8 4 9 5 6 7 7 5 2 4 3 3 3 2 5 1 3 5 4 3 4 2 1 4 8 4 4 6 3 2 7 9 4 5 7 2 2 4 6 4 4 7 8 2 4 7 5 5 5 5 4 8 10 5 5 1 1 6 9 9 3 3 5 1 
3998059 205 2 5 2 3 3 2 6 1 3 5 5 3 4 4 1 5 7 6 5 6 5 2 9 8 5 8 8 4 2 5 5 5 6 7 9 2 5 6 9 8 6 6 4 10 8 9 9 1 3 6 10 7 1 3 5 2 5 10 1 1 3 5 1 3 10 5 6 9 10 10 2 10 4 1 7 10 6 2 10 5 1 7 10 5 
3998059 206 1 8 9 8 9 7 7 2 7 3 8 7 6 8 1 5 4 3 3 8 6 1 3 5 4 5 4 3 1 3 5 4 4 3 4 1 6 7 5 6 5 5 1 10 10 4 4 3 4 3 7 2 5 5 4 6 2 5 5 5 4 4 6 2 5 7 6 7 4 6 3 6 7 8 8 4 7 4 8 5 6 7 4 6 
3998059 207 2 6 4 9 8 7 9 1 5 5 4 3 8 6 1 4 5 5 5 5 3 1 4 5 5 5 3 4 1 6 6 6 7 6 5 1 9 9 4 4 4 5 3 6 3 5 6 4 6 2 5 5 6 5 4 7 2 5 6 7 8 5 6 3 6 6 9 10 5 7 4 7 5 7 9 5 6 2 5 4 5 2 3 6 
3998059 208 1 5 5 3 3 9 8 1 4 5 6 6 5 2 1 4 5 6 5 4 4 1 6 6 8 8 6 6 1 9 9 4 4 4 5 3 6 4 7 7 5 8 2 5 5 7 5 5 8 2 5 6 10 9 5 8 3 6 6 10 10 5 9 4 7 5 10 10 5 7 2 5 4 5 1 3 7 1 4 5 6 1 4 5 
3998059 209 1 4 5 5 6 6 3 1 4 5 5 4 3 4 1 6 6 8 8 9 6 1 9 9 2 3 4 5 3 6 3 6 7 6 7 2 5 5 7 4 5 8 2 5 6 10 10 6 7 3 6 6 10 10 7 9 4 7 5 10 10 6 7 2 5 4 4 1 2 7 1 4 5 6 1 4 5 1 5 6 6 2 5 6 
3998059 210 1 3 5 4 4 3 3 1 5 5 6 7 9 4 1 9 9 3 3 4 4 3 6 3 5 6 6 7 2 5 5 6 4 5 8 2 5 6 9 8 6 7 3 5 6 10 10 7 9 4 6 5 9 9 6 7 2 4 4 4 1 2 6 1 4 5 5 1 4 4 1 4 6 5 2 5 5 2 5 6 5 5 7 3 
3998059 211 1 5 5 5 6 9 3 1 9 9 3 3 3 3 3 5 3 5 5 5 6 2 4 4 5 4 4 7 2 4 6 7 7 5 6 3 5 5 9 9 7 8 4 6 4 7 7 6 6 2 4 4 4 1 1 5 1 3 5 4 1 2 2 1 4 6 4 2 4 4 2 5 6 4 4 6 2 2 4 5 4 3 6 8 
3998059 212 1 9 9 3 3 2 2 3 5 3 4 5 6 6 2 4 5 5 4 5 7 2 4 6 7 6 6 6 3 5 6 8 8 8 8 4 6 5 6 7 7 5 2 3 4 4 1 1 4 1 3 5 4 1 1 2 1 3 6 4 2 5 3 2 5 6 4 4 7 1 2 4 5 4 3 6 8 2 3 5 5 4 4 5 
3998059 213 2 7 3 4 3 9 9 1 7 9 8 8 6 5 2 7 4 8 7 5 6 1 5 5 4 4 6 5 1 3 6 5 5 4 4 1 3 6 5 5 3 4 1 6 7 5 6 4 4 1 10 10 4 5 3 4 3 6 3 5 6 4 5 2 5 6 5 5 4 5 2 5 8 7 7 4 5 3 6 7 8 8 4 5 
3998828 0 4 5 4 10 9 5 6 4 4 4 5 5 3 3 4 6 9 5 5 8 3 4 5 4 5 5 6 8 5 4 6 4 4 3 6 5 9 6 4 4 8 7 5 10 5 4 4 8 6 5 10 1 7 10 10 1 5 10 10 9 2 10 7 5 1 5 6 10 10 10 5 1 7 5 10 10 10 5 1 6 5 10 10 10 
3998828 1 4 4 4 7 8 3 3 4 5 9 8 8 7 3 4 4 4 6 6 5 8 5 4 6 4 5 3 6 5 7 6 5 4 7 7 5 9 4 2 3 7 6 5 10 1 10 10 10 1 5 9 10 10 1 10 7 5 1 4 9 10 10 10 5 1 7 8 10 10 10 5 1 6 7 10 10 10 5 3 2 7 4 10 6 
3998828 2 4 5 7 6 5 5 4 4 5 5 5 5 4 7 5 5 6 4 5 3 6 5 5 6 5 5 5 7 5 5 6 4 4 5 6 5 10 2 9 10 9 2 5 5 8 10 3 10 7 5 3 6 7 10 8 10 5 4 7 6 9 9 10 5 4 6 6 10 10 10 5 4 5 6 4 10 6 5 4 6 3 6 10 1 
3998828 3 4 4 5 5 5 4 7 5 4 6 4 5 3 6 5 5 6 4 5 5 7 5 5 6 4 5 5 6 5 10 2 7 9 8 2 5 5 8 9 4 8 7 5 3 6 6 10 7 10 5 3 6 5 9 8 10 5 4 6 5 10 9 10 5 4 5 5 5 9 6 5 4 6 3 6 10 1 5 4 6 4 6 10 1 
3998828 4 5 5 6 3 3 2 4 5 9 2 7 7 6 2 5 5 8 9 3 6 5 5 4 6 5 7 5 7 5 4 6 5 7 6 7 5 4 6 5 7 8 8 5 5 5 4 3 8 5 5 5 6 3 4 10 2 5 5 5 3 4 10 2 5 5 6 3 4 10 2 5 7 7 10 10 10 1 6 7 7 10 8 10 1 
3998828 5 5 9 2 7 7 5 2 5 6 8 9 3 5 5 5 4 6 5 7 2 7 5 4 6 4 7 5 7 5 4 6 4 7 8 8 5 5 5 4 3 8 5 5 5 6 2 4 10 1 5 5 6 2 4 10 2 5 5 6 3 4 10 2 5 7 8 10 10 10 1 6 7 7 10 9 10 1 6 5 6 10 1 10 1 
3998828 6 5 9 9 9 3 5 5 5 4 4 6 7 4 7 5 4 6 5 7 5 7 5 4 6 5 8 5 8 5 7 3 5 4 5 5 5 6 5 3 5 9 2 5 6 4 4 4 9 3 5 6 5 4 4 10 2 5 10 8 10 10 10 1 6 10 7 10 9 9 1 6 5 5 10 1 8 1 6 3 5 6 4 8 2 
3998828 7 5 3 5 8 7 3 7 5 4 8 7 7 4 7 5 4 7 6 8 5 8 5 9 2 6 3 5 5 5 7 7 3 4 8 3 5 6 5 4 4 8 3 5 8 6 4 4 10 3 5 10 10 10 10 10 2 6 10 9 10 9 7 2 6 6 5 10 1 7 2 6 2 6 9 4 7 2 6 4 6 9 2 9 4 
3998828 8 5 3 7 8 8 4 8 5 3 7 7 8 4 8 5 8 2 7 4 4 6 5 6 6 3 5 6 4 5 6 4 4 4 6 4 5 7 6 4 4 9 4 5 10 10 10 10 7 3 6 10 9 10 10 6 3 6 5 5 10 1 5 2 6 1 6 10 4 6 3 6 3 6 10 3 6 4 6 7 6 10 3 7 5 
3998828 9 5 4 6 5 6 4 9 5 6 3 5 4 3 7 5 5 6 5 5 5 4 5 5 4 5 5 5 5 5 5 5 5 4 9 5 5 9 9 10 9 7 4 6 10 7 6 6 5 3 6 4 5 7 3 5 3 6 3 5 5 4 5 4 6 4 6 5 4 6 5 6 5 5 5 4 7 5 6 6 5 5 4 7 5 
3998828 10 5 5 3 5 4 3 9 5 4 5 4 5 5 5 5 4 4 4 4 5 6 5 4 5 4 4 9 6 5 8 9 9 9 6 4 6 8 7 6 6 5 3 6 4 5 7 3 4 3 6 2 5 5 4 5 4 6 3 5 5 4 5 6 6 4 5 5 4 6 7 6 5 5 5 4 7 6 6 5 5 5 4 8 7 
3998828 11 5 4 5 4 5 5 6 5 4 4 4 5 4 8 5 5 5 4 5 9 7 5 8 9 9 9 6 5 6 8 7 5 6 4 4 6 4 4 6 3 4 3 6 3 5 5 5 4 5 6 3 5 4 4 5 8 6 5 5 5 4 6 9 6 5 4 4 4 7 8 6 5 5 4 4 8 10 6 5 4 5 4 7 10 
3998828 12 5 5 4 4 5 5 8 5 5 5 4 5 9 8 5 8 9 9 9 6 5 6 8 7 5 6 4 4 6 4 4 6 3 4 3 6 3 5 4 5 4 5 6 4 5 4 4 5 9 6 5 5 4 4 6 10 6 5 4 4 4 7 9 6 6 5 4 4 8 10 6 5 4 4 4 7 10 6 5 5 4 4 7 8 
3998828 13 5 5 4 4 5 9 7 5 8 9 9 9 6 5 6 8 7 5 7 4 4 6 4 4 6 4 4 3 6 3 5 4 5 4 5 6 4 5 4 4 5 8 6 5 4 4 4 6 9 6 5 4 4 4 7 8 6 6 4 4 4 8 9 6 5 3 4 4 7 10 6 5 4 4 4 7 8 6 4 4 4 4 5 5 
3998828 14 5 7 7 4 7 8 4 5 6 6 4 6 7 7 4 6 6 5 7 7 9 4 7 2 9 2 5 6 4 3 5 5 6 4 4 4 3 8 5 5 3 4 4 3 10 5 6 4 4 4 3 10 6 7 3 4 4 3 8 8 5 3 4 4 3 9 5 6 3 4 4 3 8 6 5 3 3 4 4 8 6 5 3 4 
3998828 15 5 7 5 4 7 8 7 4 7 5 4 7 8 9 4 8 2 9 2 5 6 4 4 5 5 6 4 4 4 4 7 5 6 4 4 4 4 8 5 6 4 4 4 4 9 5 7 4 4 4 4 7 8 5 4 4 4 4 7 5 6 4 4 4 4 7 6 6 4 3 4 4 7 6 5 3 4 4 4 6 6 5 4 3 
3998828 16 4 10 2 9 2 9 10 4 5 4 4 6 6 5 4 4 6 4 6 4 4 4 5 7 4 6 5 4 4 5 8 5 7 5 5 4 5 6 7 5 4 5 4 5 6 4 6 5 5 4 5 6 5 6 4 3 4 5 6 6 5 4 5 4 5 5 5 6 5 4 4 6 5 5 7 4 6 3 5 5 4 6 4 4 
3998828 17 6 10 2 10 10 1 4 6 4 7 5 5 7 6 6 5 8 5 4 7 4 6 5 5 5 5 6 9 6 4 5 5 5 6 5 6 5 5 5 5 7 4 6 4 4 5 5 7 3 6 4 5 5 5 5 3 6 8 10 10 10 4 3 5 5 1 7 8 5 5 5 2 7 6 4 4 6 5 1 5 5 5 4 6 
3998828 18 6 3 8 6 7 7 6 6 7 8 3 2 6 4 6 8 5 8 7 4 9 6 4 4 8 6 2 5 6 7 5 4 6 7 4 6 4 4 4 5 7 4 6 3 4 7 6 1 3 6 10 10 10 10 1 4 5 10 1 10 10 1 5 5 1 7 10 1 1 6 5 1 4 10 8 1 6 5 1 6 10 3 1 3 
3998828 19 7 6 6 5 4 3 5 7 4 4 4 5 3 3 8 5 6 5 6 6 5 8 5 4 5 5 8 9 8 4 4 5 4 5 4 8 9 9 10 9 7 7 8 8 1 4 6 5 7 7 1 4 5 6 1 6 7 1 3 10 10 2 4 7 1 4 6 5 3 4 7 2 5 6 7 5 5 7 4 5 5 6 6 7 
3998828 20 8 5 7 5 6 6 3 8 5 5 5 5 7 8 8 5 5 5 3 5 3 8 8 8 10 9 7 7 8 7 2 4 5 5 6 7 2 5 5 5 2 5 7 3 5 10 10 3 3 7 2 5 6 5 4 3 7 3 6 6 7 5 4 7 4 6 5 5 6 6 8 5 5 4 3 7 3 8 8 8 4 2 10 6 
3998828 21 5 8 5 6 6 8 5 5 8 2 9 9 7 6 5 4 7 4 5 5 9 5 4 6 5 4 4 5 5 4 7 4 4 5 3 6 5 8 4 4 3 4 6 4 6 5 5 4 1 6 4 7 4 5 3 1 6 4 6 5 4 3 1 7 4 7 4 4 2 1 7 4 6 3 5 2 1 7 3 6 3 6 2 1 
3998828 22 5 4 8 6 4 2 6 5 5 7 3 6 7 7 5 4 2 6 6 6 5 4 9 7 9 9 5 2 4 7 4 4 5 8 4 4 5 5 4 3 5 8 4 4 10 4 5 8 9 5 7 1 10 10 3 9 5 6 8 4 5 5 3 5 7 7 4 6 7 6 5 6 6 5 6 8 8 5 10 10 10 10 5 6 
3998828 23 5 5 6 4 6 7 7 5 4 3 6 6 5 5 4 9 6 9 9 3 3 4 7 4 4 5 7 4 4 5 5 5 3 3 7 4 4 9 5 4 8 8 5 7 1 10 10 1 8 5 6 7 4 4 3 3 5 7 6 5 6 7 5 5 6 6 6 6 8 7 5 10 10 10 10 4 5 5 8 4 6 4 3 5 
3998828 24 5 3 5 5 5 6 4 4 8 7 6 6 4 3 4 7 5 4 5 7 4 4 4 6 4 4 5 7 4 3 8 4 4 8 8 5 7 2 9 9 3 7 5 5 7 4 4 5 3 5 6 7 4 5 7 5 5 6 6 5 5 8 7 5 10 10 10 10 5 5 5 7 5 5 4 4 5 5 10 9 5 5 8 8 
3998828 25 4 8 6 6 6 4 3 4 6 5 4 5 8 5 4 4 5 4 4 5 7 4 3 8 4 4 8 8 5 7 2 9 9 3 7 5 5 7 4 4 5 3 5 6 6 4 5 7 6 5 6 6 5 5 8 7 5 10 10 10 10 5 6 5 7 5 5 4 5 6 5 10 9 5 5 8 8 6 10 10 6 8 3 3 
3998828 26 5 6 2 9 8 9 9 4 3 6 5 3 7 6 4 9 5 7 8 5 3 4 5 6 4 4 4 4 4 4 6 4 5 4 5 4 5 8 4 5 4 6 4 6 6 4 5 5 8 4 6 8 4 5 8 9 4 5 8 4 5 8 10 5 10 10 7 8 8 10 5 6 6 4 5 9 10 5 6 6 4 5 9 9 
3998828 27 4 3 5 6 3 9 6 4 9 3 9 9 6 3 4 5 6 5 5 4 4 4 5 6 4 5 4 5 4 5 9 5 5 4 6 4 6 4 4 5 6 8 4 6 9 4 6 10 9 4 6 9 4 5 10 10 5 10 10 9 9 10 10 5 6 5 4 6 10 10 5 6 5 4 6 10 9 4 6 8 4 6 10 8 
3998828 28 6 7 6 4 6 7 3 5 6 7 4 6 7 4 5 6 6 5 6 7 7 4 5 6 5 7 6 9 4 7 2 10 1 4 6 4 2 6 5 6 2 4 4 1 9 6 5 2 4 4 1 10 5 6 2 4 4 2 10 6 7 2 4 4 2 9 8 5 2 4 4 2 10 5 5 2 4 4 2 9 6 5 2 4 
3998828 29 4 5 2 5 6 8 8 4 3 5 5 4 3 3 4 4 7 4 6 7 4 4 5 8 5 9 6 8 4 9 5 9 3 3 5 4 6 6 4 5 6 5 4 7 5 6 4 3 1 4 10 5 7 3 2 9 4 9 4 7 4 6 1 4 10 4 6 8 4 10 3 7 3 5 3 4 1 4 10 8 7 10 2 7 
3998828 30 6 5 6 6 5 7 6 6 5 7 5 5 4 6 6 10 2 9 10 9 6 5 5 5 5 5 4 2 5 4 7 4 5 4 5 5 4 6 4 4 5 7 5 4 6 4 5 5 9 5 4 6 4 4 4 7 5 4 6 4 4 2 8 5 4 6 4 4 5 8 6 5 7 4 4 3 7 6 5 7 4 5 5 7 
3998828 31 6 5 7 5 5 5 6 6 10 2 9 10 9 6 5 5 5 5 5 4 2 5 5 7 4 5 4 5 5 5 6 5 4 6 6 5 5 6 4 5 5 8 5 5 6 4 5 5 6 5 5 6 5 4 3 7 5 5 6 4 4 5 8 6 5 7 4 4 4 7 6 5 7 4 5 6 6 6 5 6 4 4 5 5 
3998828 32 7 8 2 4 5 4 3 6 8 5 9 9 2 4 6 4 7 5 5 7 7 6 4 7 5 4 7 5 6 5 6 5 5 7 9 6 4 6 5 5 6 5 6 4 6 5 5 7 4 6 4 6 5 5 7 4 6 4 6 5 5 5 4 6 7 8 10 10 4 4 5 5 4 7 8 5 6 5 2 7 6 4 5 6 
3998828 33 7 7 8 5 5 4 8 7 7 4 6 4 7 5 6 7 4 6 4 8 7 7 3 8 8 5 4 5 7 3 5 2 7 5 3 7 5 3 6 8 4 6 7 2 2 5 8 2 9 7 5 7 10 10 1 9 7 7 4 10 3 4 10 6 9 1 8 7 2 9 6 6 6 10 1 2 10 6 4 2 10 5 2 10 
3998828 34 7 8 5 6 4 7 5 6 8 5 6 3 8 7 7 4 9 8 4 5 5 7 4 6 2 7 6 3 7 6 4 6 8 4 6 7 3 3 5 7 3 8 7 6 8 10 9 2 8 7 7 5 10 3 5 9 6 10 1 8 7 3 9 6 6 7 10 1 3 10 6 5 3 10 4 3 10 6 9 5 8 1 8 10 
3998828 35 6 9 5 5 3 9 6 7 4 8 6 4 5 4 7 4 6 3 6 7 2 7 6 4 5 7 5 5 7 3 3 5 6 4 8 7 7 7 9 8 3 7 7 8 5 8 2 5 8 6 10 1 6 6 4 8 6 7 6 10 1 4 9 6 5 3 9 4 4 10 6 10 5 6 1 8 10 7 10 9 6 1 7 10 
3998828 36 7 4 8 6 4 6 4 7 4 6 3 6 8 3 7 6 4 5 7 6 5 7 3 3 4 6 4 7 7 7 7 8 8 3 7 7 8 5 7 2 6 8 6 10 1 6 6 4 7 6 7 6 10 1 4 8 6 5 3 8 4 4 9 6 10 5 6 1 10 9 7 10 9 5 2 9 9 8 10 10 4 5 8 10 
3998828 37 7 4 7 3 6 9 2 7 5 6 5 7 6 4 7 3 5 4 6 4 6 7 6 8 8 8 3 6 7 7 6 7 2 7 7 6 9 2 6 6 4 7 6 6 7 10 1 5 7 6 4 5 8 3 5 8 6 8 6 6 1 10 9 7 8 9 5 1 9 9 8 10 10 4 5 8 10 8 6 7 6 2 8 10 
3998828 38 7 5 6 4 7 8 2 7 3 5 3 6 4 6 7 5 8 7 7 3 5 7 6 6 6 4 8 7 6 9 2 5 6 4 6 6 5 7 9 2 5 7 6 4 5 7 5 5 9 6 8 6 5 3 10 9 7 8 9 4 3 10 10 8 10 10 3 6 10 10 8 6 7 4 4 10 10 8 6 6 4 5 10 6 
3998828 39 7 3 5 3 7 5 4 7 6 8 6 8 3 4 7 7 6 5 4 9 6 6 9 2 4 7 5 4 6 6 7 8 2 6 7 6 4 5 6 5 6 9 6 8 6 4 3 10 10 7 8 9 4 4 10 10 8 10 10 3 6 10 10 8 6 7 4 5 10 10 8 6 6 3 5 10 5 8 4 7 2 5 10 1 
3998828 40 7 5 7 6 8 4 3 7 6 6 5 5 6 5 6 8 2 3 7 4 4 6 5 7 9 3 5 6 6 3 5 6 6 5 7 6 8 6 4 4 9 8 7 7 9 3 4 8 9 8 10 10 2 7 7 10 8 5 7 3 5 7 10 8 5 6 2 6 9 4 8 3 7 1 6 8 1 8 6 7 4 7 8 1 
3998828 41 5 3 5 9 8 4 8 5 4 5 4 5 3 8 5 7 2 5 7 9 5 5 4 6 4 6 7 5 6 8 8 6 2 5 4 6 7 6 5 5 5 3 7 10 8 8 5 10 4 7 8 5 6 6 10 1 8 10 8 8 10 10 3 8 10 5 7 7 10 9 8 10 4 7 4 10 3 8 10 10 10 10 10 7 
3998828 42 5 3 5 4 5 4 9 5 6 2 5 8 6 6 5 3 6 4 7 5 6 6 6 8 6 2 4 4 6 6 6 5 5 4 4 7 9 7 9 6 9 4 7 6 4 7 6 9 1 8 8 7 10 10 10 4 8 8 4 9 8 10 10 8 7 4 9 4 10 3 8 10 10 10 10 10 8 8 10 1 5 10 10 7 
3998828 43 6 4 8 4 3 3 5 6 3 5 3 5 3 5 7 8 7 7 5 6 5 7 4 3 5 5 6 3 8 7 7 8 8 7 5 8 7 3 7 7 8 9 8 6 3 7 4 7 5 8 10 10 10 10 8 8 8 10 1 3 8 7 7 7 1 3 7 8 5 7 7 1 2 10 10 5 4 7 1 3 10 7 6 5 
3998828 44 6 3 6 2 4 2 5 7 8 8 7 5 5 5 7 4 4 4 5 5 4 8 6 8 7 9 7 5 8 7 4 6 7 8 9 8 6 4 6 3 6 5 8 10 10 10 10 7 8 8 10 1 2 9 6 7 7 1 4 7 8 4 7 7 1 3 10 10 4 4 7 1 3 10 7 5 5 7 1 6 10 10 6 6 
3998828 45 7 3 5 5 4 3 3 8 5 7 5 6 6 4 8 5 5 5 5 8 8 8 4 5 5 3 4 4 8 8 8 10 9 7 7 8 7 2 4 6 5 6 7 1 5 5 5 1 6 7 1 5 10 10 1 4 7 1 5 6 5 2 4 7 2 6 6 7 5 5 7 4 6 5 5 6 6 8 4 5 5 4 7 4 
3998828 46 8 6 6 4 4 8 8 8 5 6 4 3 6 3 8 8 9 7 7 7 7 8 7 2 4 5 6 6 7 3 5 4 5 3 6 7 3 5 9 8 4 3 7 3 5 5 4 5 3 7 4 7 5 6 6 4 7 5 6 4 5 7 6 8 5 5 4 3 7 4 8 8 8 4 3 10 6 9 8 7 4 2 10 6 
3998828 47 8 6 6 4 3 6 4 8 8 9 7 7 8 8 8 8 3 4 5 6 7 7 4 6 4 5 3 7 7 4 5 9 8 4 3 7 4 5 5 4 5 4 7 4 7 5 6 7 5 7 5 6 4 5 7 7 8 6 6 4 3 8 4 8 8 8 4 3 10 7 9 8 7 4 2 10 8 9 8 7 4 3 10 2 
3998828 48 8 8 9 7 7 8 8 8 8 2 4 4 6 7 7 4 5 4 4 3 6 7 4 5 9 9 4 3 7 4 5 5 4 5 4 7 5 6 5 5 7 5 7 5 6 4 4 7 7 8 6 5 4 3 8 4 8 8 8 4 1 10 7 9 8 7 4 1 10 8 9 8 7 4 2 10 2 9 7 6 4 3 10 10 
3998828 49 7 4 5 5 5 3 7 7 4 4 10 9 4 3 7 3 4 5 4 5 4 7 5 8 5 6 6 6 7 7 8 5 5 7 8 8 9 5 4 3 8 4 8 10 10 4 2 10 8 9 10 10 5 2 10 9 9 10 10 4 3 10 2 9 10 5 4 3 10 10 8 10 5 5 5 8 10 8 10 1 4 5 6 10 
3998828 50 4 9 8 10 10 3 8 4 6 2 5 5 5 6 4 5 6 5 5 5 5 5 4 6 5 5 4 4 5 4 6 5 5 8 7 5 4 5 5 5 7 2 4 5 6 5 5 6 1 4 5 6 5 5 8 2 4 5 6 5 5 6 8 4 4 7 5 5 9 10 5 5 4 5 5 5 9 5 5 6 5 5 6 1 
3998828 51 4 9 1 3 7 5 7 4 5 6 4 6 4 6 5 4 7 7 2 3 6 5 4 7 4 5 8 7 5 4 6 6 5 7 5 4 7 6 9 8 6 2 4 6 6 5 4 9 4 4 5 6 5 2 6 8 4 4 7 5 3 9 9 5 6 4 10 10 4 9 5 5 7 5 3 6 2 5 6 7 5 5 8 6 
3998828 52 4 5 6 4 7 4 7 5 4 7 6 3 3 6 5 5 7 4 5 7 8 5 4 2 6 5 6 5 4 9 7 9 9 5 2 4 7 4 4 4 8 5 4 5 5 5 3 5 9 4 4 10 4 4 8 10 5 7 1 10 10 4 9 5 5 8 4 4 5 3 5 7 7 5 5 8 6 5 6 6 5 6 8 8 
3998828 53 4 7 5 5 5 7 4 4 4 5 5 4 4 7 4 2 8 5 5 8 7 5 7 2 10 10 3 7 5 5 7 5 5 4 3 5 7 6 5 5 7 5 5 6 6 5 5 8 7 5 10 10 10 10 5 5 5 8 5 5 5 4 5 5 10 9 5 5 8 8 6 10 10 6 9 3 2 7 10 10 10 10 1 4 
3998828 54 5 5 3 8 7 3 8 5 4 6 4 4 5 2 5 5 5 4 4 7 5 5 5 5 4 5 8 7 5 10 9 8 9 5 5 5 5 5 4 4 4 5 5 6 7 4 4 8 8 6 10 10 5 6 3 1 7 7 8 10 10 1 4 6 4 2 10 10 1 5 6 1 5 5 3 1 5 6 1 3 5 3 1 5 
3998828 55 5 4 5 4 5 4 2 5 4 5 5 5 7 5 5 4 4 5 5 8 7 5 9 9 10 10 4 5 5 5 4 5 5 3 5 5 6 6 5 5 7 8 6 10 10 6 6 2 1 7 7 7 10 10 1 4 6 4 1 10 10 1 4 6 1 5 5 3 1 5 6 1 2 5 4 1 5 6 1 4 5 4 1 5 
3998828 56 5 4 4 4 4 7 5 5 4 4 5 5 8 7 5 7 7 9 9 5 5 5 4 4 5 4 4 5 5 5 5 4 4 7 8 6 9 9 6 6 3 2 7 5 6 10 10 1 5 6 4 3 10 10 1 5 6 1 4 5 3 1 5 6 2 3 5 3 1 5 6 2 4 5 3 1 5 6 2 4 5 4 1 6 
3998828 57 5 4 4 4 4 8 7 5 7 6 5 7 6 6 5 4 4 4 4 5 6 5 5 5 4 4 8 8 6 9 9 5 5 4 2 7 5 5 10 9 3 5 6 3 2 6 8 2 5 6 1 4 5 3 2 5 6 1 3 5 4 1 5 6 1 4 4 3 1 5 6 1 3 5 4 2 6 6 1 3 5 4 1 4 
3998828 58 5 7 6 5 6 7 6 5 4 4 4 3 6 6 5 5 5 4 4 8 9 6 9 9 4 4 5 2 7 5 6 9 8 4 5 6 3 3 6 7 3 5 6 1 5 4 3 3 5 6 1 3 4 3 2 5 6 1 4 4 3 2 6 6 1 4 4 3 3 6 6 1 3 5 4 2 4 6 1 4 4 4 2 5 
3998828 59 5 8 9 9 9 8 5 6 8 7 5 7 4 4 6 4 4 6 4 3 3 6 3 4 4 5 4 5 6 4 5 4 4 6 8 6 5 4 4 4 8 8 6 5 4 4 4 10 8 6 6 4 4 4 10 8 6 5 3 4 4 9 9 6 5 4 4 4 9 7 6 4 4 4 4 6 5 8 10 10 5 5 1 4 
3998828 60 6 9 9 7 9 4 4 6 5 4 9 3 4 3 6 3 5 4 6 4 5 6 4 5 4 5 6 7 6 5 5 4 5 7 8 6 6 4 4 5 9 7 6 6 5 4 4 10 8 6 6 3 5 4 8 9 6 5 5 4 5 8 6 6 4 5 5 5 6 5 8 10 10 7 6 1 4 7 8 1 4 4 1 9 
3998828 61 7 7 8 5 4 6 3 6 5 5 6 5 6 7 6 4 6 5 5 4 7 6 9 2 9 10 9 7 5 4 5 5 5 4 3 5 4 7 3 5 4 6 5 4 5 4 4 5 8 5 4 5 4 4 5 9 5 4 6 4 4 4 7 5 4 6 4 4 2 8 5 4 5 3 4 5 9 6 4 6 4 4 3 8 
3998828 62 6 10 2 10 10 9 6 5 5 5 5 5 4 2 5 5 8 4 5 4 5 5 5 6 5 4 6 6 5 5 6 5 5 5 8 5 5 7 5 5 5 6 5 5 6 5 4 3 7 5 5 6 4 5 5 7 6 5 7 5 4 4 6 6 5 7 5 5 6 6 6 5 6 5 4 5 5 5 5 5 5 3 5 5 
3998828 63 5 9 3 8 7 5 2 5 5 9 2 7 5 5 5 4 5 7 5 8 6 5 4 5 5 7 7 7 5 6 6 5 6 6 6 5 4 6 7 2 2 7 5 6 5 2 6 7 7 6 7 7 5 3 4 6 6 7 7 4 7 8 6 6 5 6 5 3 6 5 5 10 2 9 1 6 5 6 10 10 2 8 1 3 
3998828 64 7 5 6 5 7 3 5 7 5 9 7 3 7 7 7 4 3 6 4 5 6 7 3 5 8 3 7 8 6 8 5 3 8 7 5 7 8 5 3 7 3 2 7 1 10 4 10 10 6 6 1 7 4 10 10 6 6 1 9 3 10 10 6 6 1 7 4 10 10 6 6 1 6 5 8 10 6 6 1 7 8 9 10 6 
3998828 65 6 8 7 9 3 8 5 7 6 7 5 7 3 8 7 6 3 5 4 6 5 6 6 3 5 4 7 7 7 3 8 6 6 4 5 7 3 5 3 9 5 3 7 4 3 5 10 3 6 7 2 1 5 9 2 9 7 5 6 9 10 1 9 7 6 3 8 3 3 10 6 8 1 6 9 2 10 6 5 5 10 1 2 10 
3998828 66 7 5 6 6 5 5 4 6 8 2 4 9 4 3 6 4 7 9 3 4 5 6 2 5 7 7 4 6 6 7 6 4 4 9 7 7 7 8 4 5 7 8 8 10 9 3 8 7 10 8 4 7 4 6 7 10 8 5 6 3 7 9 3 8 2 6 2 7 8 1 8 6 6 5 9 7 1 9 10 6 10 10 8 1 
3998828 67 6 6 2 5 8 3 3 6 4 6 9 3 4 4 6 3 4 7 6 4 5 6 6 5 5 4 8 6 7 6 7 4 4 7 6 8 9 8 3 7 6 9 8 4 6 5 6 6 8 8 4 5 4 6 8 3 8 3 6 3 6 7 1 8 5 6 5 8 7 1 9 10 5 10 10 8 2 10 6 6 3 10 7 8 
3998828 68 6 6 7 6 4 7 5 6 9 2 9 3 8 8 6 5 8 5 8 6 6 6 4 6 5 8 4 7 7 4 6 3 5 4 5 6 4 5 4 5 3 2 7 5 7 5 1 4 2 7 6 8 2 7 3 1 6 6 2 2 10 3 1 6 5 8 7 10 3 1 6 8 2 4 1 6 4 6 8 1 10 10 1 1 
3998828 69 6 10 2 9 4 9 8 6 5 8 5 7 7 6 6 5 6 5 8 5 7 7 4 5 3 5 5 5 6 4 5 4 6 4 3 7 5 7 5 2 4 3 7 6 8 2 7 4 1 6 7 2 2 10 3 1 6 5 8 8 10 3 2 6 8 2 5 1 7 5 6 8 1 10 10 1 3 6 4 5 2 7 4 5 
3998828 70 6 6 8 7 7 9 7 6 4 4 7 7 5 8 7 3 4 4 5 6 6 6 4 3 6 5 4 5 7 6 6 7 2 5 5 7 9 8 2 7 4 2 6 10 1 3 10 3 3 6 7 7 10 10 3 4 6 10 1 6 1 10 6 6 10 1 10 10 1 4 6 2 4 3 7 4 6 6 2 5 10 10 7 6 
3998828 71 6 4 6 8 6 7 8 7 4 6 5 5 8 7 6 4 5 6 5 5 5 7 5 7 7 3 6 5 7 7 8 3 6 4 3 6 9 2 4 9 3 4 6 6 8 10 10 3 4 6 10 2 7 2 10 7 6 10 2 10 10 1 5 6 3 5 3 6 5 7 6 3 6 10 9 10 7 6 5 7 3 6 7 4 
3998828 72 7 3 5 5 4 9 9 6 4 5 6 5 5 6 7 5 6 6 3 6 6 7 7 7 3 5 5 3 6 9 2 4 8 4 4 6 5 7 9 8 4 5 6 10 2 6 2 10 8 6 10 2 10 10 1 6 6 2 5 4 5 6 8 6 2 6 10 7 10 8 6 4 7 3 5 8 4 7 8 8 3 3 1 3 
3998828 73 6 3 5 6 5 5 6 7 4 7 6 4 5 6 7 5 8 3 6 5 3 6 7 3 4 8 4 4 6 4 7 9 8 4 5 6 9 3 6 3 9 9 6 9 3 10 10 1 6 6 2 6 3 6 5 8 6 2 6 10 7 8 8 6 4 7 3 6 6 4 7 6 8 3 4 2 2 6 4 5 6 7 4 4 
3998828 74 7 3 7 5 4 6 6 7 5 8 4 5 5 3 6 6 4 4 6 5 4 6 4 7 5 6 5 5 6 8 4 5 4 9 9 6 8 4 10 9 3 6 6 2 6 4 5 6 9 6 2 6 6 6 8 9 6 3 7 4 5 6 4 7 5 8 4 4 3 2 6 3 5 5 5 4 4 7 5 8 5 5 7 4 
3998828 75 6 6 4 4 5 5 3 6 5 8 5 6 5 4 6 8 4 5 3 8 7 6 8 4 9 9 3 4 6 3 6 4 4 5 7 6 3 7 5 5 7 7 6 4 8 4 4 6 2 7 6 9 4 4 3 1 6 5 6 5 5 4 3 7 6 9 4 5 7 3 8 6 8 5 5 10 8 8 6 7 5 5 10 8 
3998828 76 6 5 7 5 6 5 4 6 8 3 5 3 8 7 6 8 3 9 9 2 5 6 4 6 4 5 5 7 6 4 6 5 5 7 7 6 5 7 4 5 6 3 7 6 8 4 4 3 2 6 5 5 5 5 4 3 7 6 9 4 5 7 3 8 6 7 5 5 10 8 8 6 6 5 5 10 8 8 7 7 4 4 10 1 
3998828 77 6 5 4 8 3 6 7 5 4 5 8 8 4 8 5 4 6 4 5 3 7 5 8 3 4 7 9 4 5 4 6 4 6 7 5 6 8 9 5 3 5 3 6 8 7 4 6 5 2 7 10 8 7 6 10 2 7 9 5 5 6 10 1 8 10 8 7 9 10 2 8 10 5 6 7 10 9 8 10 5 6 4 10 2 
3998828 78 5 5 2 5 8 5 7 5 3 6 4 7 4 8 6 5 8 6 2 4 6 6 5 6 4 5 4 5 7 9 7 9 5 8 5 7 6 4 6 6 8 2 8 8 7 10 10 10 5 8 8 4 9 8 10 10 8 7 4 9 4 9 4 8 10 10 10 10 10 10 8 10 1 4 10 9 9 7 2 4 9 10 6 8 
3998828 79 5 2 4 3 6 4 9 6 5 8 5 3 4 6 6 5 5 4 5 4 5 7 8 7 8 5 7 6 7 5 3 5 6 7 2 8 7 7 8 9 8 5 8 8 2 7 7 9 10 8 7 2 7 4 8 5 8 10 10 10 10 9 10 8 10 1 4 9 8 9 7 2 2 8 8 5 8 7 3 1 10 10 6 4 
3998828 80 8 9 2 4 5 7 8 7 4 6 5 5 3 7 7 4 5 10 9 4 3 7 4 6 5 4 5 4 7 5 7 5 6 7 5 7 6 7 5 4 8 7 8 7 6 4 3 9 4 8 10 9 4 2 10 7 9 10 8 5 1 10 8 9 10 8 4 2 10 1 9 9 6 4 3 10 10 8 8 6 5 5 9 10 
3998828 81 5 10 2 9 9 7 8 4 5 8 4 5 3 4 5 5 5 5 4 4 4 4 4 7 4 5 6 6 4 5 5 5 5 5 3 4 5 6 6 4 8 7 4 5 6 5 5 7 1 4 5 4 5 4 10 1 4 5 8 5 4 6 6 5 5 6 5 5 9 3 5 5 7 6 5 9 2 5 5 4 6 4 9 9 
3998828 82 4 5 9 3 6 3 6 5 5 3 5 3 4 5 4 3 7 4 7 6 7 4 5 4 6 7 5 4 4 6 6 9 3 8 8 4 9 4 7 6 7 2 4 10 1 8 4 10 3 4 8 9 8 4 5 7 5 6 6 6 6 9 4 5 6 6 9 7 9 4 5 10 2 9 4 9 10 4 10 6 6 9 9 10 
3998828 83 5 5 4 4 3 3 6 4 3 8 3 7 5 7 4 5 5 5 8 4 5 4 5 7 8 3 7 8 4 7 6 6 7 6 3 4 8 2 7 5 8 4 4 7 10 7 4 4 8 5 5 7 5 6 8 5 5 5 8 9 7 7 4 5 8 3 8 4 8 10 4 10 8 5 9 7 10 5 10 1 7 10 10 10 
3998828 84 4 3 7 2 7 4 7 4 4 5 4 8 4 5 4 5 6 8 3 7 8 4 7 5 5 7 6 3 4 8 2 7 4 9 3 4 6 8 7 4 4 7 5 5 6 4 6 8 5 5 5 6 8 7 7 4 5 8 3 8 4 8 9 4 10 6 4 9 7 10 5 10 2 7 10 10 10 6 9 10 3 6 10 4 
3998828 85 4 3 5 3 8 3 5 4 4 6 8 3 6 8 4 7 5 5 7 5 3 4 8 2 7 5 8 4 4 6 8 7 4 3 8 5 4 6 4 6 7 5 5 4 6 9 8 7 4 5 8 3 8 4 7 10 4 10 7 4 10 7 10 5 10 2 6 10 10 10 6 9 10 2 7 10 5 6 8 5 10 1 10 6 
3998828 86 4 4 6 7 3 6 8 4 7 5 4 7 4 4 4 9 2 6 5 8 4 4 6 8 6 4 2 8 5 4 6 3 6 7 5 5 3 6 8 8 6 5 5 8 3 7 4 7 10 4 10 6 3 10 6 10 5 10 1 5 10 10 10 6 9 10 1 7 10 5 6 8 4 10 1 10 6 6 4 3 10 3 10 6 
3998828 87 4 4 5 5 4 4 6 4 2 8 5 5 7 7 5 8 2 10 10 3 7 5 5 7 5 5 4 2 5 7 6 5 5 7 5 5 7 6 5 5 8 6 5 10 10 10 10 5 5 5 9 5 5 4 4 5 5 10 9 5 5 7 7 6 10 10 6 8 3 1 7 10 10 10 10 1 4 6 3 1 10 10 1 4 
3998828 88 4 4 6 4 4 7 7 5 5 3 8 7 3 7 5 5 5 4 4 4 2 5 5 5 4 4 7 5 5 5 5 4 4 8 6 5 10 9 8 9 5 5 5 5 4 5 4 4 5 5 6 6 4 4 7 8 6 10 10 5 6 3 1 7 7 7 10 10 1 4 6 4 2 10 10 1 4 6 1 5 5 3 1 4 
3998828 89 6 3 7 4 8 3 7 6 5 5 8 7 4 5 6 4 5 4 3 8 7 6 5 6 4 4 6 7 7 7 2 7 5 4 2 7 9 8 6 6 7 6 7 6 3 4 2 8 4 7 7 6 3 2 7 3 7 5 4 3 2 5 4 7 3 4 4 2 2 8 6 6 5 7 10 1 7 4 5 5 10 10 1 9 
3998828 90 7 7 5 5 7 6 7 7 7 2 5 7 6 7 7 8 8 5 4 5 5 7 3 5 4 3 7 3 7 3 7 4 4 8 3 7 5 5 10 8 2 7 7 1 4 7 3 2 8 8 1 7 6 6 3 8 7 6 1 6 2 1 8 7 8 4 4 4 1 5 6 10 10 4 9 1 8 7 3 4 6 2 1 7 
3998828 91 7 7 3 5 8 6 7 7 8 8 5 4 6 5 7 5 5 4 4 7 3 7 5 7 4 5 8 3 7 6 5 9 8 3 7 7 2 4 7 4 3 8 8 1 7 5 6 4 7 7 6 1 5 3 2 7 7 8 5 4 4 1 5 6 10 10 4 9 1 7 7 5 4 6 2 1 7 7 4 7 6 1 2 7 
3998828 92 7 8 8 5 4 6 5 7 6 4 4 4 7 3 7 6 7 4 5 8 3 7 7 4 9 9 3 7 7 4 3 7 4 4 7 8 3 7 5 7 4 7 7 7 1 5 3 3 7 7 8 4 4 5 1 5 6 10 10 3 10 1 7 7 6 3 6 2 2 7 7 5 7 6 1 2 7 7 10 1 7 10 1 8 
3998828 93 7 6 6 4 4 8 3 7 6 7 4 5 8 3 7 7 6 9 9 4 7 7 4 5 7 4 4 7 8 3 7 5 7 5 7 7 8 2 5 3 4 7 7 9 5 4 5 1 5 6 10 10 3 10 2 7 7 6 5 6 3 2 6 7 5 7 6 2 3 6 7 10 1 6 10 1 8 7 10 4 5 6 1 8 
3998828 94 7 6 8 4 5 8 2 7 7 6 9 9 6 6 7 4 5 7 4 6 7 8 3 7 5 7 6 7 7 7 2 5 3 5 7 7 8 5 4 5 2 4 6 10 10 3 10 4 7 7 6 5 6 3 5 6 7 5 7 6 2 5 6 7 10 1 6 10 2 8 7 10 5 5 6 3 8 7 10 7 10 10 7 5 
3998828 95 6 5 3 10 2 3 2 6 3 7 5 8 4 4 6 4 8 5 6 5 6 6 6 7 5 6 6 7 6 7 3 4 5 7 6 6 8 5 5 5 8 7 6 7 1 5 5 7 8 6 6 5 5 5 7 6 6 4 6 5 5 5 4 8 10 10 7 9 1 3 7 10 1 5 4 1 8 8 10 10 4 10 3 10 
3998828 96 6 2 7 6 9 3 2 6 4 7 6 6 4 5 6 6 7 6 6 5 6 6 7 4 3 4 7 5 6 8 6 3 4 8 7 6 6 2 8 4 6 8 6 6 5 4 4 6 4 6 4 6 8 5 4 2 8 10 10 10 10 1 1 7 10 1 4 3 1 8 8 10 10 3 10 2 10 8 10 10 3 10 2 8 
3998828 97 6 2 8 6 9 2 4 6 5 7 7 7 4 6 6 7 4 3 5 6 4 6 8 6 4 4 8 7 6 6 2 9 3 6 8 6 5 6 5 5 5 3 6 2 6 8 5 2 1 8 10 10 10 10 1 1 7 10 1 4 2 1 10 8 10 10 3 10 1 10 8 10 10 3 10 1 10 8 10 1 1 10 1 10 
3998828 98 5 7 9 3 7 4 2 5 4 4 8 5 8 5 5 4 4 6 7 7 8 5 8 6 6 6 6 5 5 3 5 8 2 2 6 5 7 4 3 6 6 7 6 10 7 6 3 4 5 6 10 6 5 8 7 5 6 5 5 6 3 5 2 5 10 1 10 1 6 2 6 10 10 3 8 1 1 7 10 1 2 8 1 10 
3998828 99 5 4 4 8 6 8 4 5 4 4 5 8 7 8 5 7 7 5 7 6 4 5 4 6 7 3 2 6 5 6 4 2 7 7 7 6 9 9 6 3 4 4 6 9 8 5 8 7 4 6 4 6 6 3 6 1 5 10 1 10 1 6 1 6 10 10 2 9 1 1 7 10 1 1 8 1 10 7 10 7 1 6 1 10 
3998828 100 5 3 4 6 7 7 8 5 6 6 5 6 6 3 5 3 5 8 3 2 6 5 6 3 2 6 7 7 6 8 8 6 3 4 4 6 8 7 5 8 7 4 6 4 5 6 3 6 1 5 10 1 10 1 6 1 6 10 10 2 8 1 1 7 10 1 1 8 1 10 7 10 6 1 6 1 10 7 10 7 1 7 1 10 
3998828 101 5 6 6 5 7 6 5 5 3 5 8 3 2 7 5 6 2 2 7 7 8 6 8 8 6 4 4 6 6 8 7 5 8 8 5 6 4 5 6 4 6 2 5 10 1 10 1 6 2 6 10 10 2 9 1 1 7 10 1 1 8 1 10 7 10 6 1 7 1 10 7 10 7 1 7 1 10 7 10 8 5 3 1 10 
3998828 102 5 4 6 6 5 2 7 5 5 5 3 7 7 8 6 5 7 5 6 4 6 6 5 7 5 8 8 6 6 4 6 5 6 6 3 5 10 2 9 2 6 3 6 10 10 3 8 1 1 7 10 1 2 8 1 10 7 10 7 1 7 1 10 7 10 7 1 7 1 10 7 9 7 4 5 1 10 7 10 5 10 10 1 2 
3998828 103 7 6 7 7 4 6 7 7 6 3 6 4 5 6 7 5 5 8 4 6 8 6 7 5 3 7 6 5 7 8 5 4 6 2 2 7 2 8 5 8 8 6 6 2 6 4 10 9 6 6 2 8 3 10 8 6 6 2 6 5 10 8 6 6 2 6 5 7 9 6 6 2 6 8 8 8 6 7 2 8 6 10 9 6 
3998828 104 7 6 5 5 9 6 9 6 5 7 6 4 6 4 6 9 2 9 3 8 6 6 5 8 5 6 5 5 6 4 6 5 7 3 5 7 4 6 3 4 3 4 6 4 5 4 5 2 2 7 5 7 5 2 2 2 7 5 8 1 6 2 1 6 6 2 2 10 2 1 6 5 8 7 10 2 1 6 8 2 4 1 6 3 
3998828 105 7 5 8 4 5 5 3 6 6 4 4 6 5 4 6 4 8 5 6 5 5 6 7 4 5 3 9 8 6 8 4 10 9 3 5 6 3 6 4 5 6 8 6 3 7 6 5 8 8 6 4 8 4 5 6 4 7 6 8 4 4 3 3 6 4 5 5 5 5 4 7 5 9 5 5 8 4 8 5 7 5 5 10 8 
3998828 106 6 8 3 5 4 8 7 6 8 3 9 9 3 5 6 3 6 4 5 5 7 6 4 6 6 6 7 7 6 4 7 4 5 6 4 7 6 8 4 4 3 3 6 5 5 5 5 4 4 7 6 8 5 5 7 4 8 6 7 5 5 10 8 8 6 6 5 5 10 8 8 6 7 5 5 10 1 9 7 8 6 6 10 1 
3998828 107 6 9 2 9 9 3 6 6 4 5 4 5 6 8 6 4 6 6 5 8 8 6 5 7 4 5 7 4 7 7 8 4 4 4 3 6 5 4 5 5 5 4 7 6 8 5 5 8 4 8 6 7 5 5 10 8 8 7 6 5 5 10 8 8 7 6 5 4 10 1 9 8 8 6 5 10 1 9 8 4 5 5 10 1 
3998828 108 6 3 4 4 5 5 8 6 4 5 9 8 8 8 6 5 6 4 5 6 4 7 8 7 4 2 3 3 6 6 3 6 7 4 5 7 8 8 5 7 7 5 8 7 6 8 6 10 8 8 8 5 8 6 10 9 8 9 5 5 4 10 1 9 10 7 9 7 10 1 9 10 2 7 6 10 1 9 9 6 7 3 10 1 
3998828 109 6 3 4 8 8 5 8 6 4 6 4 5 5 4 7 8 7 3 2 4 3 6 5 2 6 6 4 5 7 7 8 4 7 5 5 8 7 6 7 6 9 8 8 8 4 7 6 7 8 8 8 5 5 3 10 1 9 10 7 8 7 9 1 9 10 1 7 6 10 1 9 8 5 7 3 10 1 9 7 4 7 4 8 1 
3998828 110 6 2 6 4 5 5 4 7 7 7 3 2 4 3 6 4 2 6 7 4 5 7 6 8 5 7 5 5 8 6 6 8 6 9 8 8 7 4 8 6 7 8 8 8 5 5 3 10 1 9 10 7 9 8 9 1 9 10 1 7 6 10 1 9 8 5 7 3 10 1 9 6 4 8 5 8 2 9 10 4 10 3 9 1 
3998828 111 8 3 6 6 6 5 8 8 4 5 6 6 2 8 8 5 6 2 3 7 5 9 8 8 8 8 5 4 9 8 2 5 6 8 5 9 5 6 5 3 7 4 9 3 5 6 5 4 5 9 7 5 9 3 5 3 7 4 1 4 10 2 4 6 1 2 10 1 2 3 5 1 4 10 7 1 3 5 1 5 1 3 1 3 
3998828 112 8 4 5 6 7 2 9 8 5 6 2 4 7 5 9 8 8 8 8 5 4 9 8 2 5 7 8 5 9 5 6 5 3 7 4 9 3 5 6 5 4 5 9 7 5 9 4 5 3 7 4 1 4 10 2 4 6 1 3 10 1 3 3 5 1 5 10 7 2 3 5 1 5 1 4 2 3 5 2 2 2 7 4 1 
3998828 113 8 4 6 2 4 7 7 9 7 8 7 9 5 4 9 8 2 5 7 8 7 9 4 6 5 3 7 5 9 3 5 6 6 3 8 9 7 5 8 4 4 3 7 4 1 4 10 1 5 6 1 3 10 1 1 1 5 1 5 10 8 1 3 5 1 5 1 4 1 2 5 1 2 3 7 2 1 5 1 6 1 6 1 1 
3998828 114 9 7 8 7 7 6 4 9 8 4 4 6 8 8 9 5 7 4 3 7 6 9 3 6 6 5 4 8 9 7 6 8 4 6 3 7 4 2 3 8 2 5 6 1 4 10 1 3 2 5 1 6 10 7 2 3 5 1 6 1 4 2 3 5 1 4 2 6 4 1 5 1 7 1 5 3 1 6 2 8 3 1 2 1 
3998828 115 9 8 4 4 7 8 7 9 6 8 4 4 7 6 9 5 7 5 6 5 8 9 7 7 7 5 6 4 7 5 3 3 8 3 6 6 2 5 9 3 4 3 5 1 6 9 7 3 4 5 1 7 2 5 3 4 5 4 4 3 7 5 1 5 1 8 2 6 4 1 6 4 10 4 3 3 1 6 4 8 2 5 3 1 
3998828 116 7 9 3 5 8 5 8 6 5 5 8 2 6 6 5 4 7 8 7 4 7 5 4 7 4 4 3 6 5 7 4 4 6 9 3 5 4 8 4 5 7 4 6 7 10 5 2 5 2 6 7 8 4 5 5 1 7 10 10 7 5 10 1 7 8 7 5 5 10 1 8 9 9 7 8 10 1 8 10 6 6 6 10 8 
3998828 117 7 4 4 10 9 3 3 7 4 4 5 5 4 4 7 5 6 5 6 5 5 7 6 6 5 5 6 8 8 6 4 4 4 6 4 8 9 9 4 3 9 8 9 9 7 5 3 10 9 9 9 8 4 4 9 2 9 8 5 4 4 8 10 8 7 5 5 5 7 10 8 8 1 4 5 5 10 6 6 4 5 6 5 10 
3998828 118 7 3 3 8 6 3 3 7 4 6 8 8 4 5 7 5 5 5 7 5 7 8 5 3 4 5 5 4 8 8 9 4 4 7 7 9 8 7 5 3 8 8 9 8 7 4 4 8 1 9 7 4 4 5 6 10 8 6 4 6 7 5 10 8 7 1 4 7 4 10 6 5 3 5 8 4 10 6 6 2 5 5 6 10 
3998828 119 6 5 2 7 4 3 9 7 4 8 3 8 3 6 7 3 6 4 7 5 4 8 6 6 5 2 6 6 8 9 4 6 6 7 3 8 7 6 9 6 9 5 8 10 9 10 2 9 6 9 10 5 10 10 10 7 9 10 7 10 6 9 3 9 10 6 10 4 9 2 8 10 5 10 10 9 7 9 9 4 10 10 9 10 
3998828 120 7 4 7 4 8 3 7 7 3 5 4 7 4 4 8 5 5 4 3 5 8 8 7 3 5 6 6 3 8 6 5 7 6 8 5 8 9 8 9 3 8 7 9 10 4 10 10 9 8 9 10 6 10 6 8 2 9 10 5 10 5 8 1 8 8 4 10 10 8 10 9 7 3 10 10 8 10 8 6 4 10 10 6 10 
3998828 121 6 7 5 7 6 9 4 5 9 2 9 9 6 9 4 4 8 4 5 4 5 5 4 5 4 3 4 5 4 4 7 4 5 5 7 4 4 6 5 5 5 4 4 4 7 6 3 6 8 4 5 6 5 5 6 1 4 5 4 5 4 7 2 4 5 8 5 4 5 7 5 5 7 5 4 7 4 5 4 7 6 5 7 3 
3998828 122 4 6 5 4 7 4 4 4 8 3 6 4 7 4 4 5 8 6 4 2 7 5 3 6 3 6 7 5 5 3 7 8 8 6 5 5 7 4 7 3 7 9 4 10 7 3 10 6 10 5 10 2 5 10 10 10 6 9 10 1 7 10 5 6 8 5 10 1 10 6 6 4 4 10 2 10 5 5 8 8 6 8 10 6 
3998828 123 6 5 4 10 9 4 6 6 4 5 5 5 4 8 6 5 3 5 4 6 7 5 9 8 5 5 8 3 5 7 7 5 5 8 4 4 3 5 5 4 4 4 5 7 5 5 6 3 4 4 4 6 5 4 5 6 4 4 8 5 4 6 5 4 4 7 5 4 7 4 5 4 6 5 5 9 4 5 3 5 5 5 4 3 
3998828 124 6 4 5 3 5 4 8 6 5 3 5 3 6 8 5 8 8 5 6 8 3 5 6 7 8 7 8 4 4 3 5 5 3 4 5 5 7 5 8 8 3 5 4 3 6 3 4 5 6 4 4 8 5 4 6 5 4 3 7 3 4 7 5 5 3 6 2 4 9 5 5 3 5 5 5 4 4 5 3 4 5 4 3 3 
3998828 125 6 5 2 5 4 6 9 5 8 8 5 6 8 3 5 6 7 8 8 8 5 4 3 5 5 4 4 5 5 7 4 8 8 3 5 4 4 6 3 4 5 7 4 4 7 5 4 6 5 4 4 6 3 4 7 5 5 3 5 2 5 9 5 5 3 4 5 5 4 3 5 3 4 5 4 3 3 5 4 2 3 4 3 4 
3998828 126 6 4 5 8 8 3 5 6 3 6 4 4 7 7 6 5 7 4 5 6 8 7 7 3 7 6 3 2 7 8 8 6 7 6 6 7 6 4 4 3 8 4 7 7 7 3 3 6 4 7 5 5 3 3 4 4 7 3 5 4 3 1 9 6 5 5 7 10 1 8 4 5 6 10 10 1 9 5 3 7 10 10 1 10 
3998828 127 6 2 6 4 4 7 7 6 4 7 5 5 5 8 7 6 3 9 7 2 3 7 8 8 7 8 6 7 7 5 3 4 4 7 5 7 7 6 4 4 6 4 7 4 5 4 3 3 4 7 2 5 5 3 1 9 6 5 5 9 10 1 8 4 4 6 10 10 1 9 5 2 7 10 10 1 10 5 5 4 10 10 1 9 
3998828 128 6 5 8 6 9 4 7 6 7 4 3 5 6 6 6 8 6 4 5 8 7 6 6 2 8 3 6 8 6 5 6 4 5 5 5 6 2 7 8 6 2 2 8 10 10 10 10 1 1 7 10 1 4 1 1 8 8 10 10 3 10 1 10 8 10 10 3 10 1 8 8 10 1 1 10 1 10 9 10 10 10 10 2 1 
3998828 129 4 5 3 10 9 4 6 4 3 5 5 4 6 3 4 6 8 5 6 5 5 7 9 8 5 4 8 3 6 5 4 5 5 8 8 6 5 5 5 5 3 8 6 10 1 5 7 10 7 5 4 2 5 4 1 4 5 4 6 5 4 1 7 5 3 4 5 4 5 8 5 3 4 5 4 4 10 5 4 4 5 4 2 8 
3998828 130 4 4 5 4 4 5 3 4 5 7 4 6 4 5 7 6 8 5 4 6 3 6 4 5 6 5 6 7 6 4 6 5 5 3 7 6 9 2 9 9 9 7 5 4 4 5 4 2 4 5 4 6 3 4 2 7 5 4 5 4 4 4 8 5 4 5 4 4 4 9 5 4 5 4 4 3 8 5 4 5 4 3 1 9 
3998828 131 4 5 7 4 6 5 5 7 6 8 5 4 6 3 6 4 5 6 5 6 7 6 4 6 5 4 4 7 6 9 2 9 9 9 7 5 4 4 4 4 3 3 5 4 6 3 4 3 6 5 4 5 4 4 5 8 5 4 5 4 4 4 9 5 4 6 4 4 4 8 5 4 5 4 3 2 9 5 4 5 3 4 4 9 
3998828 132 7 4 6 5 4 6 6 7 4 5 5 4 6 8 7 5 3 5 4 5 8 7 6 8 10 9 9 5 9 9 7 5 7 5 3 7 4 4 5 5 3 3 7 4 5 5 4 5 2 7 4 6 5 5 4 4 7 4 5 5 4 3 4 7 4 4 5 5 6 5 7 5 9 5 6 6 5 6 6 1 5 7 5 6 
3998828 133 6 5 7 9 7 5 4 7 6 5 4 8 6 9 6 5 6 5 4 6 4 6 9 2 7 3 8 6 6 4 8 4 6 5 5 6 4 5 4 6 2 5 7 3 5 3 4 2 4 6 4 5 4 4 1 2 7 4 7 4 1 1 2 7 5 8 2 6 1 1 6 6 2 2 10 1 1 6 4 7 6 10 1 1 
3998828 134 7 6 7 3 2 3 4 6 2 2 6 7 4 5 7 6 8 4 7 5 5 8 5 6 8 6 7 8 8 7 4 8 6 6 8 8 7 5 4 4 8 3 9 10 7 9 8 7 1 9 10 1 7 6 9 3 9 7 5 7 3 8 2 9 5 4 8 5 7 3 9 10 4 10 4 7 1 7 7 1 6 9 6 2 
3998828 135 6 2 2 5 6 3 6 7 5 8 3 7 4 6 8 5 6 7 6 7 8 8 6 4 6 5 5 8 8 6 5 3 2 8 4 9 9 7 8 7 7 3 9 9 1 6 6 8 4 9 6 5 6 1 8 3 9 5 4 7 3 6 4 9 8 4 9 2 7 2 7 6 1 5 10 5 3 6 1 2 10 1 5 2 
3998828 136 7 4 8 3 7 2 6 8 4 6 7 6 6 8 8 5 5 6 6 4 8 8 5 5 3 2 7 4 9 8 7 8 8 6 3 9 8 2 6 6 8 4 9 5 6 6 1 7 4 9 3 5 7 3 5 4 9 7 5 9 2 6 3 7 5 1 4 10 4 4 6 1 3 10 1 4 2 5 1 4 10 7 3 3 
3998828 137 9 7 8 4 4 9 7 9 6 7 4 6 6 9 9 8 6 6 5 7 4 7 6 2 3 8 4 6 6 4 4 8 3 4 3 5 3 6 8 7 3 4 5 3 6 2 5 3 4 5 5 4 2 7 5 1 5 3 7 2 6 5 1 6 5 10 3 3 4 1 6 5 7 2 5 4 1 7 8 9 6 5 9 1 
3998828 138 9 6 7 5 6 7 9 9 8 7 6 5 9 5 7 7 2 4 8 5 7 6 4 4 8 2 5 4 5 3 6 8 7 4 5 5 4 7 3 5 4 4 5 6 4 3 7 7 1 5 4 8 3 6 5 1 6 6 10 4 2 5 1 6 6 8 3 5 5 1 7 8 10 6 5 10 1 7 6 6 4 6 10 1 
3998828 139 7 3 5 9 9 3 5 7 4 4 6 7 4 7 8 5 2 4 5 4 4 8 7 8 4 4 7 7 9 8 6 6 3 8 8 9 7 7 4 5 7 2 9 6 3 4 5 5 10 8 5 3 6 7 5 10 8 6 1 4 7 3 10 6 4 2 6 8 3 10 6 5 1 6 5 6 10 5 5 3 6 5 8 10 
3998828 140 6 10 2 4 2 9 5 5 5 4 9 9 3 9 5 5 7 5 5 5 7 5 5 7 6 6 5 4 6 5 7 5 6 6 3 6 5 5 4 5 5 5 6 5 8 4 6 7 4 6 5 4 4 5 6 5 5 4 6 5 6 7 4 5 4 6 4 5 5 5 6 5 6 4 4 6 5 8 10 9 10 8 9 4 
3998828 141 8 10 9 10 10 7 5 6 5 3 5 5 3 9 7 5 7 5 5 3 6 7 5 5 5 5 5 4 8 5 5 5 4 7 6 8 5 4 5 5 8 3 8 5 5 5 5 10 5 8 5 7 5 4 10 6 9 6 5 10 10 10 7 9 5 6 6 5 10 3 9 6 5 6 5 10 2 8 5 5 6 6 10 7 
3998828 142 4 6 3 6 4 7 3 4 5 8 6 4 2 6 5 4 6 3 6 6 4 5 3 6 8 7 6 4 5 6 3 7 4 6 7 4 9 6 3 9 6 8 5 10 2 6 10 10 8 6 7 9 2 6 10 4 6 6 5 10 1 10 5 6 4 4 10 3 10 4 5 6 7 6 7 10 5 6 3 5 7 4 10 6 
3998828 143 4 5 8 6 4 2 5 5 4 6 3 5 6 3 5 4 6 8 6 5 3 5 5 4 7 4 6 6 4 7 6 3 7 5 8 5 9 3 6 9 8 7 6 6 9 2 5 10 3 6 5 5 10 2 10 4 6 4 4 10 3 10 4 5 5 7 6 5 10 4 6 4 5 7 4 10 5 6 10 5 10 10 10 4 
3998828 144 6 3 7 5 6 6 8 7 6 3 9 7 3 3 7 8 8 7 8 7 7 7 5 4 4 4 8 5 7 7 7 4 4 7 4 7 3 5 4 4 4 5 7 1 5 5 3 1 9 6 4 5 9 10 1 9 4 3 6 10 10 1 10 5 1 7 10 10 1 10 5 4 4 10 10 1 10 4 2 7 10 10 5 6 
3998828 145 7 6 3 9 8 4 3 7 8 9 7 8 7 7 7 5 4 4 4 8 5 7 7 7 4 5 7 4 7 4 5 4 4 5 5 7 2 5 5 4 3 9 6 5 6 9 10 1 8 4 4 6 10 10 1 9 5 2 8 10 10 3 10 5 5 4 10 10 1 9 4 4 7 10 10 5 6 5 4 8 10 10 5 3 
3998828 146 6 8 6 6 6 7 6 6 5 4 3 5 3 5 5 8 9 9 9 9 2 6 5 4 4 6 3 6 5 5 6 4 4 6 7 6 3 5 6 4 6 7 5 4 4 4 5 6 6 5 4 7 3 5 8 4 5 4 5 3 5 9 4 5 4 5 3 5 8 3 6 6 10 2 4 6 7 6 4 3 4 5 5 9 
3998828 147 6 5 5 4 5 7 6 6 5 5 4 5 7 7 6 5 4 5 4 6 8 6 5 5 4 5 6 6 6 4 5 5 5 5 4 8 9 10 9 10 2 3 7 6 3 4 4 1 8 8 8 5 4 10 4 10 8 9 8 4 9 3 8 8 8 3 2 7 2 10 9 10 8 10 10 5 1 8 5 4 5 5 4 1 
3998828 148 9 9 7 6 5 9 6 7 7 2 4 8 5 8 6 4 5 8 2 5 5 5 3 7 8 7 4 6 5 4 7 3 5 4 6 5 6 4 4 6 7 2 5 4 8 3 6 6 3 6 6 10 4 2 5 1 6 6 8 4 5 5 1 7 8 10 6 5 10 1 7 6 7 5 5 10 1 8 8 10 7 8 10 1 
3998828 149 7 3 5 8 9 3 6 8 4 3 4 6 4 4 8 7 8 4 4 7 6 9 7 6 8 3 8 6 9 7 7 4 5 7 3 9 6 4 5 6 5 8 8 5 3 10 9 4 10 8 5 1 4 9 2 10 6 3 3 9 10 2 10 6 4 1 9 6 5 10 5 4 3 8 5 8 10 6 4 4 9 4 10 10 
3998828 150 5 4 4 9 6 6 7 4 4 5 4 5 8 8 5 8 9 4 7 6 7 5 7 3 4 6 6 5 6 6 7 5 2 3 4 6 3 5 6 7 4 2 7 5 7 4 6 4 4 8 3 5 6 6 4 1 8 3 5 6 4 4 2 7 3 5 5 6 3 2 6 3 6 4 6 3 2 6 3 5 4 6 3 2 
3998828 151 5 8 2 9 9 2 9 5 4 6 5 4 6 7 5 4 7 6 6 5 4 6 5 6 5 5 7 3 6 4 4 4 4 5 5 6 8 7 4 5 8 4 6 4 3 4 4 7 5 5 2 5 5 5 9 4 5 1 5 4 4 5 5 6 6 5 4 3 7 5 8 10 9 10 9 10 4 6 1 3 4 2 7 8 
3998828 152 6 5 5 5 5 4 6 8 10 9 10 10 8 5 6 5 3 5 5 4 9 7 5 6 5 5 4 5 7 5 5 5 5 6 3 8 5 5 5 4 8 6 8 5 4 5 5 9 2 8 5 5 5 5 10 4 8 5 7 5 4 10 5 9 6 5 10 10 10 6 9 5 6 6 5 10 1 9 6 5 6 5 10 1 
3998828 153 5 4 6 4 4 5 4 5 3 6 8 5 4 4 5 5 4 7 3 5 7 4 6 6 4 7 4 8 5 9 3 6 9 6 7 6 5 8 3 5 9 4 6 5 5 10 1 8 4 6 4 4 10 3 8 4 5 5 7 6 5 7 5 6 4 5 7 3 8 5 6 10 5 10 10 10 4 4 4 6 9 1 8 6 
3998828 154 7 8 9 7 6 7 6 7 6 3 4 4 8 4 7 7 7 4 5 7 3 7 5 5 4 4 5 4 7 2 4 5 4 4 8 6 5 5 9 9 2 7 4 4 6 10 10 2 9 5 3 8 10 10 4 10 5 5 3 10 10 3 9 4 4 7 10 9 6 5 5 4 8 10 10 6 2 4 1 5 4 4 6 3 
3998828 155 7 7 2 4 4 8 4 7 8 8 4 4 7 3 7 5 5 4 4 6 4 7 2 5 5 4 5 7 6 6 6 6 7 4 7 4 5 7 9 9 3 8 5 3 10 9 8 5 10 5 6 3 7 8 4 8 4 4 8 8 7 7 5 5 5 10 8 8 6 2 4 1 5 4 4 7 3 4 5 10 10 9 6 5 
3998828 156 5 9 3 4 5 7 3 6 7 7 7 6 6 7 6 4 5 4 4 3 6 5 6 9 9 9 8 3 6 4 5 5 5 3 7 5 4 6 5 3 5 7 6 3 6 7 3 5 8 5 3 5 4 4 6 7 5 4 7 4 4 7 5 5 4 6 4 5 8 5 5 4 5 4 4 8 4 6 5 10 3 3 6 8 
3998828 157 6 5 4 4 5 3 5 5 9 9 9 9 9 2 6 5 4 5 6 3 6 5 5 6 5 4 6 7 6 4 5 7 4 6 7 5 4 4 4 5 6 6 5 5 7 4 5 8 4 5 5 6 4 5 9 4 5 5 5 4 5 8 3 6 7 10 3 4 6 7 6 4 4 5 5 5 9 7 8 9 3 5 8 5 
3998828 158 5 9 9 9 9 8 2 6 5 4 5 6 2 6 5 5 5 5 4 5 7 6 4 5 7 4 5 7 5 5 4 4 5 6 6 5 5 6 4 5 7 4 5 5 5 4 5 8 4 5 5 5 3 5 8 4 6 7 10 3 4 5 7 6 4 3 5 5 4 9 7 8 9 3 5 7 5 8 8 2 8 8 7 1 
3998828 159 6 5 5 4 5 7 7 6 5 5 5 4 7 7 6 4 5 4 5 7 5 6 4 5 5 5 6 4 8 9 9 9 9 4 3 7 6 3 4 4 2 8 8 8 6 4 10 5 10 8 9 8 4 9 5 8 8 7 4 2 8 4 10 9 10 8 10 10 6 1 8 4 5 5 5 6 1 9 9 8 10 10 5 1 
3998828 160 5 5 6 6 3 5 9 5 4 7 8 9 3 5 6 6 6 8 6 6 3 6 5 4 4 4 4 6 6 9 7 5 6 9 4 6 4 2 3 4 7 6 5 2 5 8 6 10 4 5 1 5 4 3 3 6 6 7 5 3 1 7 5 8 10 9 10 10 10 4 6 1 3 4 1 7 10 7 1 7 2 2 7 5 
3998828 161 5 5 7 7 9 3 5 6 6 6 7 6 5 3 6 5 4 4 4 3 7 6 9 8 5 5 7 5 6 5 2 3 4 6 8 5 3 5 7 5 8 4 5 1 5 4 2 3 7 6 7 5 3 1 6 7 8 10 10 10 10 10 4 6 2 3 4 1 6 10 7 1 7 2 1 6 5 7 1 6 2 1 10 1 
3998828 162 6 6 7 8 8 5 3 6 6 4 4 4 3 7 6 8 8 5 7 7 5 6 5 3 4 5 6 8 5 4 6 8 7 8 4 5 2 5 4 3 3 7 6 7 6 3 1 6 6 8 10 10 10 10 10 4 6 3 3 4 1 6 10 7 2 7 2 1 6 5 7 2 6 3 1 10 1 8 4 6 3 1 10 7 
3998828 163 6 6 4 5 6 3 7 6 8 9 6 7 7 4 6 5 3 4 6 6 8 5 4 6 9 7 8 2 5 2 5 5 4 3 6 6 7 6 4 2 6 6 8 10 10 10 10 10 3 6 3 3 5 1 6 10 7 2 8 3 3 6 4 7 2 6 3 2 10 1 8 4 6 4 1 10 6 8 6 4 4 2 10 1 
3998828 164 6 5 7 5 5 6 5 6 5 3 4 5 5 8 5 5 5 5 5 6 3 5 4 5 5 4 3 7 6 5 5 4 4 5 7 8 10 9 10 9 9 4 6 4 3 5 3 5 10 7 4 6 4 4 5 5 7 4 5 4 4 7 1 8 5 5 4 3 9 7 8 5 4 4 4 10 1 8 5 5 5 4 10 1 
3998828 165 6 5 3 4 5 5 6 5 5 6 5 6 6 4 5 4 5 5 5 3 5 6 5 6 4 4 5 5 8 10 9 10 9 9 4 6 5 4 5 4 5 9 7 4 7 4 4 5 4 7 4 6 4 4 7 1 8 5 6 4 3 9 5 8 5 5 5 4 10 1 8 5 6 5 4 10 3 8 5 8 5 3 10 5 
3998828 166 5 5 5 5 6 6 4 5 5 5 5 5 3 5 6 5 5 4 4 5 5 8 10 9 10 9 9 4 6 5 3 5 4 5 9 7 5 6 4 5 5 5 7 4 5 4 4 7 2 8 5 5 4 4 9 5 8 5 4 5 4 10 1 8 5 5 5 4 10 3 8 5 7 5 4 10 5 9 6 5 10 10 10 6 
3998828 167 5 5 5 5 5 3 6 6 5 5 5 5 5 6 8 10 9 10 10 9 5 6 5 3 5 4 5 9 7 5 6 4 5 5 5 7 5 5 5 5 7 3 8 5 5 5 4 8 6 8 5 4 5 4 9 2 8 5 5 5 5 10 4 8 5 7 5 4 10 5 9 6 5 10 10 10 6 9 5 6 6 4 10 1 
3998828 168 5 3 6 6 6 4 3 5 5 4 5 4 4 7 4 6 6 4 7 4 8 5 9 3 5 8 6 7 6 5 9 4 5 9 4 6 5 5 9 3 7 4 6 3 4 7 4 8 4 5 5 7 5 6 7 5 6 3 6 5 4 8 5 6 10 5 8 10 10 4 4 3 6 6 3 7 6 5 4 7 5 5 7 9 
3998828 169 7 9 7 4 4 8 3 7 6 4 4 4 7 3 7 3 3 4 4 5 6 6 6 5 5 6 4 6 4 6 6 8 8 3 6 5 3 9 8 7 6 8 5 7 2 6 8 4 7 4 5 7 7 6 7 4 5 6 9 7 7 7 2 4 1 4 4 4 8 3 4 5 10 9 8 7 4 5 2 1 4 4 5 4 
3998828 170 8 5 5 4 5 5 7 8 6 7 4 5 5 7 8 5 3 4 4 2 8 9 8 7 8 9 8 4 8 2 4 4 4 7 3 9 7 8 8 7 6 4 6 5 1 8 3 10 4 6 2 3 5 4 9 4 5 2 4 5 4 8 4 5 2 4 5 4 10 4 6 8 10 5 7 8 5 6 4 1 10 10 3 5 
3998828 171 8 6 7 4 5 4 7 8 5 4 3 4 2 8 9 8 7 7 9 6 5 8 2 5 4 4 6 3 9 7 8 7 7 5 5 6 5 3 7 4 8 4 6 2 4 4 4 8 4 5 2 5 4 4 7 5 5 2 5 4 4 8 5 6 8 10 5 7 7 5 6 4 3 10 10 3 6 6 2 5 5 5 2 6 
3998828 172 5 9 9 7 9 7 6 7 6 3 2 7 9 9 5 4 5 8 4 5 6 6 4 5 6 4 3 5 6 4 6 4 4 5 3 6 4 5 6 4 4 4 5 5 5 5 4 3 4 6 4 5 6 3 5 4 5 4 5 10 3 8 5 5 4 5 9 3 5 6 6 4 5 7 4 8 4 6 4 5 10 3 5 8 
3998828 173 7 6 5 3 3 9 2 7 3 4 3 3 6 6 6 7 5 5 6 4 5 4 6 6 8 8 3 6 5 3 9 8 7 7 8 5 7 3 6 7 5 6 4 5 8 6 6 9 3 5 6 9 7 6 9 1 4 1 5 3 3 9 1 4 6 10 9 8 9 4 5 2 2 4 4 5 3 4 1 4 3 3 8 2 
3998828 174 7 3 4 2 2 6 5 6 7 5 4 5 4 5 4 6 6 8 8 3 6 5 3 8 7 6 6 9 5 8 3 5 7 4 6 4 5 7 6 5 9 2 5 6 8 6 6 8 1 4 1 4 2 2 9 1 4 6 9 9 8 8 3 5 2 2 3 3 5 3 4 1 3 2 2 8 1 4 1 3 3 1 8 1 
3998828 175 8 7 8 6 5 5 4 7 2 3 5 4 2 6 8 5 5 5 5 7 7 8 6 7 5 5 6 6 8 4 3 4 5 5 8 9 8 7 9 9 8 2 8 1 4 5 4 7 1 9 7 7 9 8 7 2 6 5 2 9 4 9 1 6 1 3 5 4 8 2 5 1 4 5 4 8 2 5 1 4 5 4 9 2 
3998828 176 7 4 3 5 4 2 6 8 6 6 5 5 6 7 8 7 8 5 5 6 6 8 5 4 4 5 5 7 9 8 8 10 9 7 4 8 3 5 5 4 7 2 9 7 9 9 8 6 4 6 6 2 9 4 8 3 6 3 4 5 4 8 3 5 2 5 5 4 7 4 5 3 5 5 5 8 4 6 8 10 6 8 7 4 
3998828 177 8 6 4 3 5 2 9 9 8 8 7 9 6 5 8 3 5 4 4 6 3 9 7 8 7 7 5 5 6 6 3 7 4 8 5 6 3 4 4 4 7 5 5 3 5 4 4 6 5 5 3 5 4 4 8 5 6 8 10 5 7 6 6 6 5 3 10 10 3 7 6 3 5 5 5 2 7 7 6 10 4 6 2 7 
3998828 178 6 7 4 2 3 4 6 4 6 5 8 8 3 6 5 2 7 7 6 6 8 5 7 2 4 7 4 6 4 4 6 5 3 8 4 5 6 8 6 5 8 2 4 1 4 1 1 8 3 4 5 8 10 9 8 5 5 1 1 1 1 5 4 4 1 3 1 1 7 3 4 1 2 1 1 8 3 6 10 10 1 1 5 2 
3998828 179 6 4 5 5 4 7 6 6 4 5 4 5 7 5 6 3 5 5 5 6 4 8 9 9 9 8 4 3 7 5 3 4 4 2 7 8 7 6 4 8 6 9 8 8 8 4 8 5 6 8 7 4 2 6 5 9 9 10 8 10 10 6 1 8 4 5 5 4 6 1 9 8 8 10 10 6 1 6 7 2 10 4 7 1 
3998828 180 6 4 5 5 4 8 5 6 3 5 5 4 7 4 8 8 9 9 7 5 3 7 5 3 5 3 2 6 8 7 5 4 8 6 8 8 7 7 4 7 6 6 8 6 3 2 6 5 9 9 9 7 10 10 7 1 8 4 4 5 4 7 1 9 8 8 10 10 6 1 6 7 2 10 3 8 1 6 4 3 6 4 7 1 
3998828 181 6 2 5 6 4 8 3 8 8 8 9 7 5 3 7 4 3 5 3 2 6 8 6 5 5 7 7 7 8 7 7 5 7 6 6 8 6 4 3 5 5 8 9 9 7 10 10 8 1 8 3 5 5 3 7 1 9 7 8 10 10 7 1 6 6 2 10 3 9 1 6 3 4 6 3 8 1 5 2 5 6 4 8 1 
