3997097 0 5 6 4 6 7 7 6 5 4 6 4 4 5 8 5 6 8 4 4 3 3 6 3 7 9 8 4 5 5 9 3 5 6 6 7 5 5 4 5 3 9 4 6 7 9 6 2 10 1 6 2 5 9 7 1 5 5 6 4 6 5 3 7 5 6 7 10 8 5 10 6 5 5 6 5 5 1 5 4 4 4 3 5 2 5 5 8 4 2 5 1 5 7 8 4 4 5 4 6 2 6 10 9 6 1 6 4 4 7 2 3 1 6 5 7 7 2 10 3 6 5 8 4 4 9 1 6 2 5 7 3 2 1 6 4 4 4 4 1 3 6 9 8 10 9 5 7 7 1 6 5 4 8 1 6 6 4 4 3 4 3 6 10 10 7 9 4 5 
3997097 1 5 9 10 3 7 4 5 5 7 4 4 5 9 3 5 5 5 6 6 5 5 5 4 5 6 6 4 8 5 4 5 9 2 6 6 5 5 5 5 8 6 7 5 5 5 6 4 9 6 5 8 7 5 4 10 3 5 4 5 8 3 4 8 6 6 6 5 4 6 6 6 6 5 5 6 10 7 6 6 6 4 7 10 3 6 7 4 5 4 9 3 6 9 4 4 5 10 1 6 8 6 4 5 10 1 6 10 9 2 9 10 1 7 10 1 2 6 10 2 5 9 1 4 6 10 2 5 7 4 4 5 10 1 7 7 2 4 6 10 1 7 10 10 2 7 10 5 5 10 1 2 9 7 6 5 5 5 7 3 6 6 6 10 10 2 7 10 3 
3997097 2 5 9 3 3 5 8 2 5 5 4 5 6 4 4 5 4 5 6 6 3 8 5 4 8 9 2 5 5 5 6 6 4 8 5 7 5 5 7 6 4 8 6 5 10 10 4 5 9 3 5 5 7 9 3 3 8 6 8 10 5 5 5 6 6 7 9 4 6 10 7 6 8 10 3 7 9 3 6 9 1 4 5 8 3 6 10 1 3 6 10 1 6 10 10 3 5 10 1 6 10 10 1 9 10 1 7 10 1 1 7 10 1 5 10 1 3 6 10 1 5 9 1 3 5 10 1 7 9 1 3 7 10 1 7 10 10 1 7 10 5 5 10 1 1 10 6 6 5 5 9 7 3 5 6 6 10 10 1 8 10 2 7 4 4 9 3 10 3 
3997097 3 6 7 7 5 5 6 7 7 3 4 9 2 3 3 5 7 2 5 7 9 6 5 5 5 4 5 7 8 5 8 8 4 5 4 3 6 4 6 6 8 5 5 5 10 1 5 7 8 6 5 6 2 4 4 10 4 6 9 8 5 3 10 2 6 2 4 6 7 1 5 5 7 2 5 5 4 6 5 8 6 8 8 6 9 6 6 3 5 6 6 2 5 5 2 4 4 7 3 5 7 8 4 4 6 2 5 8 8 4 5 6 4 6 2 5 10 9 8 2 6 5 3 5 3 4 1 6 6 6 5 4 10 4 6 6 8 4 5 10 2 6 3 3 5 4 3 1 6 5 2 4 5 1 3 6 10 7 8 9 6 6 7 1 5 4 5 10 2 
3997097 4 7 3 5 9 2 3 3 5 6 4 5 7 8 6 5 5 6 4 5 6 8 5 6 8 4 5 4 3 6 4 7 6 8 5 6 5 9 3 5 6 7 7 5 5 4 4 4 10 5 6 8 8 5 3 10 1 6 3 5 6 7 1 5 5 6 4 5 5 4 7 5 7 7 8 8 6 10 6 5 5 5 6 6 1 5 5 4 4 4 6 3 5 6 8 4 3 6 2 5 7 8 4 4 6 4 6 3 6 10 8 7 2 6 4 4 5 3 4 1 6 6 7 5 3 10 4 6 6 8 4 5 10 2 6 3 5 5 4 3 1 6 5 4 4 5 1 3 6 9 8 8 8 6 7 7 2 6 4 5 10 1 6 6 3 4 4 5 4 
3997097 5 5 5 4 5 6 4 4 5 4 4 6 7 3 8 5 4 5 9 3 5 5 5 6 5 4 8 5 7 5 5 5 6 4 7 6 5 9 9 4 5 8 3 5 5 5 9 3 3 8 6 8 7 4 5 5 6 6 6 6 4 6 9 7 6 8 7 3 7 9 3 6 8 1 4 5 7 3 6 10 2 3 6 10 1 6 9 9 3 5 10 1 6 10 10 1 9 10 1 7 10 1 1 7 10 1 5 10 1 3 6 10 1 5 9 2 3 5 10 1 7 9 1 3 7 10 1 7 10 10 1 7 10 5 5 10 1 1 10 6 5 5 5 6 7 3 5 6 6 10 10 1 8 10 2 7 4 4 9 3 10 3 6 10 1 1 9 10 1 
3997097 6 5 4 4 5 7 3 8 5 4 5 8 3 5 5 5 6 5 4 9 5 6 5 5 5 5 5 7 5 5 9 10 3 5 8 2 5 5 5 8 4 4 7 6 8 7 4 5 5 6 6 6 6 3 6 9 7 6 8 6 2 7 9 2 6 8 1 4 6 7 2 6 10 1 2 6 10 1 6 9 9 3 6 10 1 6 10 10 1 9 10 1 7 10 1 1 7 10 1 5 10 1 2 7 10 1 5 9 1 3 6 10 1 7 9 1 3 7 10 1 7 10 10 1 8 10 4 5 10 1 1 10 6 5 5 5 6 6 4 5 5 6 10 10 1 8 10 2 7 5 4 8 4 10 3 6 10 1 1 9 10 1 6 10 10 3 10 6 4 
3997097 7 6 9 2 4 7 9 2 5 6 6 7 3 6 5 5 5 7 8 4 4 7 5 4 8 3 8 5 8 6 5 5 5 6 4 5 5 4 6 6 5 5 5 5 4 5 3 9 2 3 5 4 6 4 9 2 2 4 4 7 9 7 2 2 5 4 6 5 10 1 1 5 8 9 3 7 3 1 5 4 6 3 8 4 1 5 4 6 5 9 4 3 5 6 5 4 6 2 1 5 5 8 4 6 5 1 5 4 7 4 8 4 1 6 10 10 5 10 5 1 9 10 1 5 10 4 3 8 10 1 3 8 3 3 9 6 10 3 8 4 1 10 10 10 4 10 5 5 10 10 10 3 9 3 7 10 10 1 3 10 6 8 10 10 1 3 9 10 4 
3997097 8 6 5 4 4 5 3 6 6 4 4 5 5 4 5 6 5 5 6 8 5 6 6 4 4 9 8 5 8 6 5 6 4 5 6 6 10 10 9 4 3 9 2 9 6 3 4 5 10 1 9 7 4 4 5 10 1 8 6 3 5 7 7 1 7 5 3 4 4 10 1 8 8 10 4 4 10 1 9 6 4 4 3 9 1 10 6 6 4 3 10 1 10 6 4 4 2 5 1 10 6 6 4 2 9 2 10 6 5 4 1 2 1 10 6 4 4 1 5 5 10 6 6 5 2 4 1 10 6 5 5 1 6 1 10 6 5 4 1 2 1 10 8 2 6 6 8 6 9 6 4 4 2 4 1 10 7 4 4 2 5 1 10 7 3 4 3 10 1 
3997097 9 6 4 5 5 5 4 6 6 5 5 6 8 4 6 6 4 5 9 8 5 8 6 5 6 4 5 5 6 10 9 9 4 3 7 5 9 6 3 4 5 9 2 9 7 5 4 5 8 1 8 5 4 5 7 5 1 7 5 4 4 4 7 1 8 8 10 4 4 10 3 9 6 5 4 3 7 1 10 6 6 4 2 8 4 10 6 5 4 1 5 4 10 6 6 4 2 7 5 10 6 5 4 1 3 3 10 6 5 5 1 4 6 10 6 6 5 2 4 4 10 6 5 5 1 5 4 10 6 5 4 1 2 4 10 8 3 6 6 6 6 9 6 5 4 2 4 3 10 6 4 4 2 4 3 10 7 3 4 3 7 2 10 6 5 4 2 7 1 
3997097 10 6 4 5 6 8 3 7 6 4 5 9 8 4 8 6 4 6 4 5 4 7 10 9 9 4 3 6 6 9 6 3 4 5 8 3 9 7 5 4 5 7 3 8 5 4 5 7 5 3 7 4 4 4 4 7 1 8 8 10 4 4 9 4 9 6 5 4 3 6 2 10 5 6 4 2 8 5 10 5 5 4 1 4 5 10 5 6 4 1 6 6 10 5 5 5 1 2 4 10 5 5 5 1 3 7 10 6 6 5 2 3 5 10 6 5 5 1 4 5 10 5 5 4 1 1 5 10 7 3 6 5 5 7 9 6 5 4 2 3 4 10 6 4 4 2 3 4 10 6 3 4 3 7 4 10 6 5 4 2 6 3 10 5 5 5 1 7 7 
3997097 11 8 9 9 4 8 4 4 7 6 4 4 7 3 5 7 4 5 8 4 4 7 7 4 5 4 7 6 8 6 5 4 4 5 9 3 5 5 5 8 3 7 7 5 4 5 10 3 5 10 5 4 6 3 6 5 10 6 4 5 6 4 5 7 5 4 5 7 4 5 7 5 4 5 4 6 4 4 5 4 5 5 6 3 3 4 4 5 10 5 3 3 5 4 5 6 7 3 1 5 5 6 3 5 4 1 5 4 5 4 5 5 1 5 4 5 6 6 5 3 5 5 5 4 4 3 1 5 4 6 4 4 6 1 5 4 5 4 6 5 1 6 8 8 6 8 6 1 9 6 4 6 7 5 4 8 7 3 3 6 4 3 9 5 6 3 5 5 1 
3997097 12 7 8 2 4 8 3 4 7 3 7 7 5 4 6 7 4 7 4 8 6 7 6 7 4 4 5 9 2 5 5 6 7 3 7 6 5 4 7 8 4 4 8 5 4 8 3 6 5 9 6 4 6 6 5 5 6 5 4 6 6 5 5 6 5 4 6 4 7 3 4 5 4 6 5 6 3 3 4 4 7 9 6 3 3 5 4 6 5 8 3 1 5 7 8 3 5 4 1 5 4 7 3 6 5 1 5 4 7 5 7 5 3 5 5 6 4 5 3 1 5 5 8 4 5 6 1 5 4 7 4 6 4 1 6 10 10 5 9 5 1 9 10 4 5 8 5 3 8 10 1 3 6 4 3 9 5 9 3 6 5 1 10 10 9 4 7 6 6 
3997097 13 7 4 6 7 5 3 5 7 4 7 4 8 6 6 6 9 2 4 6 9 2 5 6 5 7 3 6 5 5 5 6 8 4 4 7 5 4 7 3 7 5 8 6 5 5 6 5 5 5 5 5 5 6 5 5 5 5 5 4 4 7 3 3 5 4 5 5 7 2 2 4 5 6 9 6 2 2 5 5 5 5 9 2 1 5 8 9 3 6 3 1 5 4 6 4 7 4 1 5 4 6 5 8 5 3 5 7 5 4 5 2 1 5 6 7 4 5 5 1 5 5 7 4 7 4 1 6 10 10 5 10 5 1 9 10 1 5 9 4 3 8 10 1 3 7 3 3 9 6 9 3 7 5 1 10 10 9 4 8 5 5 10 10 10 3 8 4 7 
3997097 14 7 4 7 4 8 6 6 6 9 2 4 6 9 2 5 6 5 7 3 6 5 5 5 7 9 4 3 7 5 4 7 4 7 4 8 6 5 5 6 5 4 5 5 4 6 6 5 5 5 5 5 4 4 7 2 3 5 4 6 5 7 2 2 4 4 7 9 6 1 2 5 4 5 5 9 1 1 5 8 9 4 6 3 1 5 4 6 4 7 4 1 5 4 6 5 8 4 3 5 6 5 4 5 1 1 5 5 8 4 5 5 1 5 4 7 4 7 3 1 6 10 10 5 10 5 1 9 10 1 5 9 3 3 8 10 1 4 7 3 2 9 6 10 3 7 4 1 10 10 10 4 8 5 5 10 10 10 3 8 3 7 10 10 1 4 8 6 8 
3997097 15 6 4 5 9 2 4 3 8 9 9 5 7 4 5 7 6 4 4 7 4 6 7 4 5 6 5 5 7 7 4 5 4 7 7 8 6 5 4 4 5 9 4 5 5 5 6 4 7 8 5 4 5 7 4 5 10 5 4 6 4 6 6 10 6 4 5 5 5 6 8 5 4 5 5 4 6 8 5 4 5 4 6 4 5 5 4 5 5 6 4 4 4 4 5 7 5 4 4 5 4 5 5 7 4 2 5 5 6 4 5 5 2 5 4 5 4 6 5 2 5 4 5 5 6 6 4 5 5 5 4 5 4 1 5 5 6 4 5 6 1 5 4 5 5 6 5 2 6 8 8 5 8 6 2 9 6 4 5 7 5 4 8 7 3 4 6 5 4 
3997097 16 8 9 2 5 6 3 2 6 4 6 4 3 4 6 6 4 6 4 4 5 5 6 5 7 6 7 6 6 6 4 6 9 8 7 8 6 5 7 4 4 8 6 10 10 10 4 2 10 2 9 8 4 4 4 10 1 9 10 6 4 4 10 1 8 7 4 5 7 9 1 7 5 5 4 3 10 1 8 10 10 4 3 10 1 9 8 6 4 2 10 1 10 7 7 4 1 10 1 10 7 6 4 1 7 1 10 7 7 4 1 10 2 10 8 6 4 1 2 1 10 8 6 4 1 6 5 10 8 7 4 1 4 1 10 8 7 4 1 9 1 10 7 6 4 1 1 1 10 10 4 6 5 10 6 9 8 6 4 1 4 1 10 9 5 4 1 6 1 
3997097 17 10 9 6 4 5 1 2 8 7 2 5 6 6 4 6 4 6 4 3 6 7 6 4 6 4 3 6 6 6 5 7 6 7 6 6 6 4 6 9 8 7 8 6 5 8 4 4 7 6 10 9 10 4 1 8 4 9 6 4 4 4 8 1 9 7 6 4 4 8 1 8 5 5 5 7 7 1 7 5 5 4 3 8 1 8 8 10 4 3 9 2 9 6 6 4 2 8 1 10 6 8 4 1 8 3 10 5 6 4 1 7 3 10 6 8 4 1 7 4 10 6 6 4 1 6 2 10 6 6 4 1 6 6 10 6 8 4 1 6 4 10 6 7 4 1 7 3 10 6 7 4 1 6 3 10 8 4 6 5 7 6 9 6 6 4 1 6 2 
3998059 0 5 8 3 8 7 4 5 5 7 3 2 2 3 6 4 3 6 8 6 6 5 4 5 8 5 5 7 3 4 4 6 6 5 8 9 4 6 7 5 8 6 5 4 6 8 3 6 4 4 4 10 7 1 3 10 10 4 6 7 6 5 10 7 5 10 9 4 5 10 10 5 10 5 1 3 10 2 5 10 7 1 4 10 10 5 9 7 1 5 10 10 5 10 7 1 3 10 10 5 10 8 1 4 10 4 5 10 5 1 4 10 10 5 10 6 2 8 10 10 5 9 7 1 4 10 10 5 10 10 1 4 9 10 6 9 4 1 4 10 10 6 10 8 2 4 10 10 7 10 10 1 5 10 10 8 10 6 1 1 10 10 7 10 8 1 4 10 10 
3998059 1 7 7 4 3 2 8 9 6 7 9 8 8 8 6 7 7 6 5 6 6 5 5 5 4 7 7 4 4 5 4 4 4 4 4 4 4 3 6 7 7 4 4 4 3 7 6 6 4 4 4 3 6 6 6 4 4 4 4 6 5 8 4 4 4 4 7 5 6 4 4 4 5 6 3 5 8 5 4 4 6 6 6 5 4 5 5 7 5 6 5 5 5 5 5 3 4 7 4 5 6 6 4 5 10 5 5 5 6 4 6 7 5 5 6 6 3 4 8 6 5 5 7 4 5 5 4 5 7 5 3 5 7 6 5 6 5 4 8 5 6 5 5 6 3 5 6 5 5 5 8 3 5 5 5 6 5 4 4 5 5 5 6 5 7 4 5 6 5 
3998059 2 6 8 9 9 8 9 9 7 8 5 4 5 7 7 5 5 3 6 7 4 4 5 5 4 3 2 4 5 4 3 5 6 7 4 4 4 4 6 5 5 5 4 4 3 5 5 5 5 5 4 4 5 4 8 5 4 4 4 6 4 6 4 4 4 6 6 1 3 9 5 4 4 6 5 5 6 5 5 6 7 4 5 6 5 5 6 5 2 2 8 4 5 6 6 2 4 10 5 5 5 6 3 5 7 7 5 7 5 1 3 10 8 5 6 6 2 4 6 4 5 7 5 1 4 8 9 5 6 5 3 8 5 8 5 5 6 2 4 6 7 5 6 7 1 4 5 6 6 5 4 3 4 5 6 6 6 6 3 4 6 7 7 10 10 1 6 10 10 
3998059 3 7 9 7 3 5 9 9 5 6 3 8 8 4 4 5 5 3 3 2 4 5 4 4 6 8 7 5 5 4 5 8 5 5 5 4 4 4 6 6 5 5 6 4 5 7 5 9 5 5 4 5 8 4 6 4 4 4 7 7 1 3 10 7 4 5 7 6 6 8 5 5 7 9 4 6 8 6 5 7 5 1 2 10 4 5 7 7 1 4 10 7 5 6 7 2 5 10 9 5 8 7 1 3 10 10 5 7 8 1 4 7 4 5 8 5 1 5 10 10 5 8 6 3 9 7 10 5 6 7 1 4 8 10 5 7 10 1 4 6 9 6 6 4 2 5 6 9 6 7 9 2 5 8 10 7 10 10 1 6 10 10 8 10 6 1 1 10 10 
3998059 4 5 8 2 3 2 3 6 4 3 5 9 7 6 5 4 6 7 6 5 7 3 4 3 5 6 5 8 9 4 6 6 5 8 6 5 4 7 8 4 6 4 5 4 10 6 1 3 10 10 4 6 6 7 5 10 7 5 10 8 4 5 10 10 5 10 4 1 3 10 2 5 10 7 1 4 10 10 5 10 6 1 5 10 10 5 10 6 1 3 10 10 5 10 8 1 4 10 4 5 10 4 1 4 10 10 5 10 4 3 8 10 10 5 10 6 1 4 10 10 5 10 10 1 4 9 10 6 10 3 2 5 10 10 6 10 8 2 5 10 10 7 10 10 1 6 10 10 8 10 5 1 1 10 10 7 10 7 1 4 10 10 6 10 6 1 1 10 10 
3998059 5 4 4 3 8 7 5 5 4 5 8 6 5 5 3 4 4 4 6 4 5 7 4 5 5 6 9 5 5 4 6 8 5 6 4 4 4 9 5 2 3 10 9 4 6 6 7 5 6 6 5 8 9 5 5 7 8 5 9 1 3 2 8 3 5 10 6 3 3 10 9 5 7 6 4 5 8 10 5 10 5 2 2 10 10 5 9 8 3 3 6 4 5 10 1 1 4 9 10 5 10 2 4 8 6 10 5 8 5 3 3 7 10 5 9 10 3 4 5 10 6 8 1 4 4 5 10 6 9 9 4 4 7 10 7 10 10 1 5 10 10 8 10 4 1 1 10 10 7 10 8 3 4 10 10 6 10 5 1 1 8 10 7 10 4 1 1 9 10 
3998059 6 4 5 7 6 5 5 3 4 3 3 7 5 5 7 4 5 4 6 9 4 4 4 6 8 5 6 4 4 4 9 5 2 3 9 9 4 5 6 7 5 6 6 5 8 10 5 6 6 8 5 9 1 3 2 8 3 5 10 6 3 4 10 9 5 7 5 4 5 8 10 5 10 4 2 2 10 10 5 9 8 3 3 6 4 5 10 1 1 4 9 10 5 10 1 4 9 5 10 5 8 4 3 3 6 10 5 9 10 2 4 5 10 6 8 1 4 4 5 10 6 9 9 4 4 7 10 7 10 10 1 6 10 10 8 10 3 1 1 10 10 7 10 8 3 4 10 10 6 10 4 1 1 8 10 7 10 3 1 1 9 10 7 10 4 1 1 8 9 
3998059 7 4 3 3 7 5 4 6 4 4 4 6 9 4 4 4 5 7 5 6 4 3 4 8 5 2 3 9 8 4 5 5 7 5 6 5 5 7 8 6 5 6 7 5 8 1 3 2 8 2 5 9 5 3 4 10 8 5 7 5 4 5 8 10 5 10 4 2 2 10 10 5 8 7 4 3 6 3 5 10 1 1 4 9 10 5 9 2 5 9 5 10 5 7 4 3 3 6 10 5 8 10 3 4 5 10 6 7 1 4 4 5 10 6 8 8 4 4 6 10 7 10 10 1 6 10 10 8 10 3 1 1 10 10 7 10 7 3 4 10 10 6 10 4 1 1 7 10 7 10 4 1 1 8 10 7 10 4 1 1 7 8 7 10 5 1 1 8 1 
3998059 8 5 3 7 4 4 5 4 5 3 4 5 5 4 4 6 7 7 8 9 4 5 7 6 3 3 3 8 9 6 7 8 8 7 8 5 7 7 4 5 5 5 4 5 4 2 7 6 1 3 5 3 3 5 5 1 3 4 2 4 7 6 1 3 4 3 5 6 5 1 3 4 2 4 6 5 1 4 4 3 4 6 7 1 3 4 3 5 5 6 1 3 4 5 4 3 5 8 4 4 3 5 6 6 3 3 5 4 5 5 6 3 4 5 5 3 4 5 6 3 5 5 5 4 5 10 4 5 4 5 4 5 5 4 5 5 4 3 5 10 5 5 5 5 4 5 3 3 5 6 4 3 5 7 5 5 5 4 5 7 2 5 5 4 4 4 5 3 4 
3998059 9 5 2 5 4 4 5 5 6 7 8 7 9 5 6 7 6 4 3 3 8 9 6 7 8 8 6 8 6 7 7 5 5 5 6 5 5 4 3 6 6 2 4 5 3 4 4 4 2 4 4 1 5 6 6 3 4 4 2 6 5 5 3 3 4 2 5 5 5 3 4 4 2 5 5 6 3 4 4 3 6 5 5 2 4 4 5 5 3 4 7 4 4 3 5 6 5 4 4 5 4 6 5 5 5 4 5 4 4 3 4 6 3 5 5 5 3 5 10 4 5 4 5 4 5 6 4 5 5 5 3 4 9 5 5 4 6 4 5 4 4 5 6 4 3 5 7 5 5 5 5 4 6 4 5 5 4 5 3 5 5 5 5 5 7 3 5 3 4 
3998059 10 6 7 8 7 9 5 6 7 6 4 3 3 8 9 6 7 8 8 6 8 6 7 7 5 5 5 6 5 5 3 4 6 6 3 4 5 3 4 4 4 3 4 4 1 5 6 6 4 4 4 2 6 5 5 4 4 4 1 5 5 5 4 4 4 2 5 5 6 4 4 4 2 6 5 5 3 4 4 4 5 3 4 7 4 4 2 6 6 5 5 4 5 4 6 5 5 5 4 5 4 5 3 4 7 4 5 5 6 3 5 10 4 5 3 6 4 5 6 5 5 5 5 3 4 8 5 5 4 6 4 5 5 4 5 6 5 3 5 7 6 5 5 5 4 6 4 5 5 3 5 3 5 5 5 5 4 7 3 5 4 5 6 4 4 4 5 4 5 
3998059 11 4 3 5 7 9 4 5 4 4 7 6 6 3 4 4 8 5 3 4 8 8 4 4 6 8 6 5 5 5 7 8 6 6 5 8 5 7 2 4 3 7 3 5 8 6 4 4 10 8 5 6 5 5 5 7 10 5 9 5 3 3 10 10 5 7 7 4 4 5 4 5 10 3 2 5 8 10 5 9 3 5 8 5 10 5 6 5 4 4 6 10 5 8 10 3 4 4 10 6 6 1 5 5 4 10 6 8 8 5 5 6 10 7 10 10 1 6 10 10 8 10 4 1 1 10 10 7 10 7 4 5 9 10 6 10 5 1 2 7 10 7 10 4 1 1 8 10 7 10 5 1 1 7 8 7 10 6 1 1 7 1 6 10 4 1 1 5 10 
3998059 12 4 3 7 7 8 3 4 4 7 5 3 4 7 7 4 3 6 8 7 4 5 5 6 8 7 7 5 7 5 7 2 4 3 6 3 5 7 6 4 5 9 7 5 5 5 5 6 6 10 5 9 5 3 3 8 10 5 6 7 5 4 4 4 5 10 2 3 5 6 10 5 8 3 6 10 4 10 5 5 5 4 4 5 10 5 7 9 4 5 4 10 6 6 1 5 6 4 10 6 7 7 5 6 5 10 7 10 10 2 7 9 10 8 10 4 1 1 10 10 7 10 7 5 5 7 10 6 10 5 1 1 6 10 7 10 4 1 1 6 10 7 10 5 2 1 6 8 7 10 5 1 1 6 1 6 10 4 1 1 4 10 6 9 3 1 1 7 10 
3998059 13 4 7 5 3 4 6 6 4 2 6 9 7 4 4 5 6 8 7 8 4 6 5 7 2 4 3 5 3 5 7 6 5 5 9 6 5 5 5 5 7 5 9 5 9 5 4 3 8 10 5 6 8 5 5 3 3 5 10 2 3 6 6 10 5 8 3 6 10 3 10 5 5 5 4 5 4 10 5 7 10 4 5 3 8 6 5 1 5 6 3 8 6 7 8 6 6 4 10 7 10 10 2 8 9 10 8 10 4 1 1 10 10 7 10 7 5 5 7 10 6 10 5 2 1 5 10 7 10 5 1 1 6 10 7 10 5 2 1 5 6 7 10 6 2 1 6 1 6 10 4 1 1 3 10 6 9 3 2 1 7 10 6 7 8 3 1 7 8 
3998059 14 5 4 8 9 8 4 5 5 5 2 4 3 5 3 5 7 6 5 5 9 5 5 3 5 6 7 5 7 5 9 5 3 4 7 9 5 5 7 6 5 3 4 5 10 3 2 6 6 9 5 8 3 7 10 3 9 5 3 5 4 5 4 7 5 6 9 4 6 3 6 6 4 1 6 7 3 7 6 6 7 7 7 4 8 7 10 10 1 9 9 10 8 10 4 1 1 10 10 7 10 7 5 6 7 10 6 10 5 1 1 5 10 7 10 4 1 1 6 10 7 10 5 1 1 5 5 7 10 5 1 1 5 2 6 10 4 1 1 3 10 6 9 3 1 1 7 10 6 6 7 1 1 7 6 5 5 2 2 1 7 10 5 2 7 3 3 5 6 
3998059 15 5 5 3 6 3 5 3 5 6 7 6 6 8 5 5 3 6 8 8 5 6 5 7 6 4 4 7 8 5 4 8 7 6 3 4 5 8 3 2 7 5 8 5 6 4 9 10 2 7 5 3 6 5 5 3 6 5 5 10 5 6 2 6 6 3 2 8 7 2 6 6 5 8 9 7 3 7 7 10 10 1 10 9 10 8 10 5 1 1 10 10 7 10 8 7 7 7 10 6 9 6 1 1 4 10 7 10 5 1 1 5 10 7 9 6 1 1 4 5 7 10 6 1 1 5 2 6 10 5 1 1 3 10 6 7 4 1 1 7 10 6 5 8 2 1 6 6 5 4 3 2 1 7 10 5 2 8 4 2 4 5 5 1 6 8 6 2 3 
3998059 16 3 3 9 8 8 8 5 4 9 5 7 7 7 3 3 6 3 6 6 3 5 3 5 6 6 6 4 5 3 5 5 2 4 4 9 3 5 5 4 3 6 7 3 6 4 6 4 4 5 3 5 5 3 4 7 10 3 5 5 3 4 7 9 3 7 5 1 5 7 1 3 10 3 1 5 5 10 4 10 5 10 9 5 6 3 8 5 1 5 5 10 3 9 5 1 5 4 1 4 10 6 2 7 6 3 4 10 3 1 7 5 10 3 10 6 1 4 7 4 4 7 3 1 6 10 10 4 9 3 1 6 1 10 4 9 5 2 5 9 10 4 9 3 1 5 8 6 3 7 3 1 5 7 2 3 8 6 1 4 8 9 3 8 6 1 4 10 10 
3998059 17 4 5 4 4 5 3 5 4 4 5 6 5 3 4 4 5 4 5 4 6 6 5 5 7 4 4 8 4 5 5 5 5 5 7 4 6 10 8 9 9 6 9 7 9 3 2 4 10 10 6 10 9 10 7 10 9 7 9 5 5 6 8 5 5 6 2 8 7 1 1 5 5 3 5 5 1 1 4 4 4 8 7 1 1 4 4 5 6 6 1 1 4 4 4 6 6 1 1 4 5 5 6 7 1 1 4 5 6 5 6 1 1 4 7 5 3 5 10 2 4 5 5 7 6 5 1 5 6 6 5 6 5 2 5 7 3 3 5 10 1 5 7 5 4 6 10 2 5 6 5 4 6 9 4 5 8 5 3 5 10 8 5 7 6 4 5 4 1 
3998059 18 4 4 5 6 5 3 4 4 4 4 5 4 5 5 5 4 7 4 5 6 4 5 4 5 5 5 5 4 6 8 8 9 9 5 6 7 8 3 3 4 9 9 6 8 9 9 7 9 6 7 8 5 5 6 6 4 5 5 2 8 7 1 3 5 5 3 5 5 1 4 4 3 4 8 7 1 3 4 4 6 6 6 2 3 4 3 5 7 6 2 4 4 4 5 6 7 1 3 4 4 6 6 6 1 3 4 6 5 3 6 9 4 4 4 5 7 6 4 4 5 6 6 6 6 4 4 5 6 4 4 5 7 3 5 6 5 4 6 10 4 5 5 5 5 6 7 4 5 7 5 4 5 10 5 5 6 6 4 6 4 3 5 7 4 3 6 8 5 
3998059 19 4 4 4 5 4 4 5 5 4 7 4 4 5 4 5 3 4 5 5 4 4 6 7 7 8 9 4 5 7 7 3 3 4 8 9 6 7 8 8 7 8 5 7 7 4 5 6 5 4 5 5 3 7 6 1 3 5 4 3 5 5 1 3 4 3 4 7 6 1 3 4 3 5 6 6 1 3 4 3 4 6 6 1 3 4 4 4 6 7 1 3 4 4 5 5 6 1 3 4 5 5 3 5 8 4 4 4 5 6 6 3 3 5 5 6 5 6 4 4 5 5 4 4 5 6 3 5 6 5 4 5 10 4 5 5 5 4 6 6 4 5 6 4 4 5 9 5 5 5 5 4 5 3 3 5 7 4 3 6 7 5 5 6 4 5 7 2 5 
3998059 20 4 2 6 9 7 3 4 5 5 8 7 8 4 5 5 6 2 4 3 5 3 5 7 6 4 5 9 5 5 4 6 5 7 5 7 5 8 5 3 3 7 9 5 6 8 5 5 3 4 5 9 3 3 6 6 9 5 7 3 6 10 3 9 5 5 5 4 5 4 7 5 6 10 4 5 3 6 6 5 1 5 6 3 7 6 6 8 6 6 4 8 7 10 10 2 8 9 10 8 10 5 1 1 10 10 7 10 7 5 6 7 10 6 9 5 1 1 5 10 7 10 5 1 1 6 10 7 10 5 2 1 5 5 7 10 6 1 1 5 2 6 10 4 1 1 3 10 6 8 3 1 1 7 10 6 6 8 2 1 7 6 5 6 2 3 1 7 10 
3998059 21 5 5 7 6 5 8 4 5 2 6 7 6 5 5 5 7 5 4 4 7 7 5 4 8 6 5 4 3 5 8 3 3 5 6 8 5 6 4 8 9 3 7 5 3 6 5 4 4 6 5 5 10 5 5 3 5 6 3 1 7 5 3 5 6 5 9 7 5 4 6 7 10 10 1 7 9 10 8 10 5 1 1 10 10 7 10 8 6 5 7 10 6 8 5 1 2 5 10 7 10 5 1 1 6 9 7 9 5 1 1 5 4 7 10 6 1 1 5 1 6 10 5 1 1 4 10 6 7 3 1 1 7 10 6 5 8 2 1 7 5 5 4 3 2 1 7 10 5 2 8 4 3 5 4 5 1 6 7 5 3 2 4 1 3 7 5 1 1 
3998059 22 5 3 6 7 6 6 5 5 7 6 4 4 9 7 5 5 9 6 5 4 2 5 8 3 3 5 7 7 5 6 4 8 9 3 7 5 3 6 5 4 4 5 5 5 10 5 5 3 4 6 4 1 7 5 3 5 6 5 9 8 5 5 6 7 10 10 1 7 10 10 8 10 5 1 1 10 10 7 10 8 6 5 8 10 6 8 6 1 2 6 10 7 10 5 1 1 7 9 7 9 6 1 1 6 3 7 10 7 1 1 6 1 6 10 5 1 1 4 10 6 7 3 1 1 9 10 6 5 9 2 1 8 4 5 5 3 3 2 8 10 5 3 8 4 3 6 4 5 1 6 7 5 3 1 4 1 3 7 5 1 1 4 2 7 10 10 2 1 
3998059 23 4 9 7 8 8 9 3 3 5 2 6 7 3 5 3 5 7 6 6 5 5 3 4 6 2 4 5 9 3 4 7 4 3 7 7 3 6 4 6 5 5 5 3 4 6 3 5 9 10 3 5 6 3 5 8 9 3 7 6 1 5 9 1 3 10 3 1 6 5 10 4 10 5 10 10 5 6 3 8 6 1 5 6 10 3 9 7 1 6 5 1 4 10 7 1 7 7 3 4 10 3 1 8 5 10 3 10 9 1 5 9 4 4 6 2 1 7 10 10 4 9 3 1 6 1 10 4 10 6 1 6 10 10 4 9 3 1 6 10 6 3 7 3 1 5 8 3 3 7 8 1 5 10 9 3 8 8 1 4 10 10 5 10 5 1 7 10 10 
3998059 24 5 7 5 4 4 9 7 5 4 7 7 5 5 2 5 8 3 3 5 7 7 5 6 4 9 9 4 7 5 3 5 5 5 5 5 5 5 9 5 5 4 5 6 3 2 7 6 4 5 6 5 7 8 6 5 6 7 10 10 1 7 10 10 8 10 5 1 1 10 10 7 10 7 7 5 8 10 6 9 5 1 2 6 10 7 10 5 1 1 7 9 7 9 5 1 1 6 4 7 10 6 1 1 7 1 6 10 5 1 1 4 10 6 7 4 1 1 9 10 6 5 7 2 1 8 4 5 4 3 3 2 8 10 5 2 7 4 3 6 4 5 1 5 7 5 3 1 4 1 3 8 5 2 1 4 2 6 10 10 3 1 5 1 1 9 10 2 1 
3998059 25 5 5 7 6 4 5 2 5 9 4 2 5 9 8 5 7 5 8 10 5 7 5 3 6 5 4 6 6 5 6 9 5 5 4 5 6 4 3 7 5 4 5 6 5 7 7 5 6 6 7 10 10 1 7 10 10 8 10 5 1 1 10 10 7 10 7 6 5 10 10 6 9 6 1 1 8 10 7 10 5 1 1 9 10 7 10 5 1 1 8 4 7 10 6 1 1 9 1 6 10 5 1 1 5 10 6 7 4 1 1 10 10 6 5 7 2 1 10 5 5 5 4 2 1 10 10 5 3 7 4 3 8 4 5 1 6 7 4 3 1 4 1 4 7 5 1 1 4 2 6 10 10 3 1 5 2 2 9 10 1 1 5 1 6 8 5 1 1 
3998059 26 3 7 2 7 8 3 4 3 6 8 7 7 5 4 3 4 6 3 4 5 7 3 5 7 5 3 7 6 3 8 4 7 5 5 4 3 3 6 4 5 9 8 3 5 6 4 5 8 7 3 10 7 1 6 9 1 3 10 3 1 7 5 9 4 10 6 10 10 5 5 3 10 6 1 6 6 10 3 10 7 1 7 5 1 4 10 7 2 9 7 3 4 10 3 1 10 5 8 3 10 9 1 5 9 3 4 10 2 1 8 10 10 4 10 3 1 8 1 10 4 10 6 2 7 10 10 4 10 3 1 7 10 5 3 10 3 1 6 8 2 3 10 8 1 5 10 8 3 10 8 1 4 10 8 5 10 5 1 8 10 10 3 10 1 1 8 10 4 
3998059 27 5 9 4 2 5 9 8 5 7 5 8 9 4 7 5 3 6 5 4 6 5 5 6 8 4 5 4 3 6 4 3 7 5 4 4 6 5 7 7 5 6 6 7 10 10 1 6 10 10 8 10 5 1 1 10 10 7 10 7 6 5 10 10 6 9 6 1 1 8 10 7 10 5 1 1 9 10 7 9 5 1 1 7 1 7 10 6 1 1 8 1 6 10 5 1 1 5 10 6 7 4 1 1 10 10 6 5 7 2 1 10 3 5 4 4 2 1 10 10 5 2 7 4 2 8 2 5 1 6 6 4 3 1 4 1 4 7 4 1 1 4 2 6 10 10 3 1 5 2 2 8 10 1 1 5 1 6 8 5 1 1 4 1 6 7 1 3 1 
3998059 28 5 5 4 7 9 4 6 5 4 5 5 4 5 5 5 5 6 5 4 4 4 6 4 3 7 5 4 4 6 5 6 7 5 5 5 7 10 9 2 6 9 9 8 8 5 1 1 10 10 7 7 5 6 4 8 9 6 6 5 2 1 6 10 7 6 5 1 1 7 7 7 6 5 2 1 6 3 7 6 5 2 1 6 1 6 6 4 1 1 5 10 6 5 4 2 1 8 10 6 5 5 3 1 8 4 5 5 4 3 1 8 10 5 4 5 4 2 6 4 5 4 5 6 4 4 2 4 4 4 7 4 3 1 4 4 5 10 10 4 1 5 4 3 8 10 3 1 5 2 5 8 5 3 1 4 2 5 7 1 4 1 4 3 5 9 4 6 1 
3998059 29 5 4 5 6 5 5 5 5 4 6 6 6 4 4 6 4 3 7 6 4 4 6 4 5 8 6 5 5 7 9 9 4 8 7 6 8 7 4 3 2 9 9 7 7 5 7 6 6 6 6 5 5 3 2 5 7 7 6 4 3 1 5 5 7 5 5 4 1 5 4 7 6 5 3 1 5 4 6 6 4 3 1 4 6 6 5 4 3 1 6 6 6 4 5 4 1 6 4 5 4 4 5 2 6 6 5 4 5 5 4 5 4 5 3 5 7 6 4 4 4 3 4 8 6 3 3 4 4 5 10 10 4 3 5 4 3 8 10 3 3 5 2 5 8 6 3 4 4 2 5 8 1 4 3 4 3 5 9 5 5 3 4 3 5 8 3 4 4 
3998059 30 5 2 5 9 8 3 2 5 4 6 6 7 4 5 5 6 6 5 6 6 8 6 7 7 4 4 9 7 7 7 6 4 3 6 7 6 7 2 5 5 5 5 5 5 6 5 5 4 4 6 6 6 5 4 4 5 7 8 7 5 2 4 5 6 6 6 5 4 4 4 6 5 5 6 6 4 3 6 5 5 6 5 3 3 6 5 5 6 3 3 3 6 5 6 6 1 3 2 6 5 6 5 1 3 4 6 5 6 6 4 3 3 6 4 6 6 5 2 3 6 5 5 6 3 3 3 7 4 4 6 5 4 3 5 3 5 5 3 4 3 5 3 6 6 5 3 2 6 3 7 6 3 4 2 6 4 6 6 3 4 2 6 4 6 6 5 3 2 
3998059 31 7 10 8 8 9 8 9 4 5 3 4 5 3 5 4 4 5 8 5 3 4 4 5 4 5 4 6 6 5 5 7 3 4 7 4 5 5 5 6 5 6 4 6 8 9 10 10 5 9 7 8 3 1 4 10 10 6 8 9 10 8 10 9 7 8 5 6 6 7 5 5 5 2 10 7 1 1 5 5 3 5 5 1 1 4 4 4 10 7 1 1 4 5 6 8 6 1 1 4 4 4 9 6 1 2 4 5 5 8 8 1 1 4 5 6 6 7 1 1 4 6 5 1 6 10 2 4 5 5 9 6 4 1 5 6 6 7 7 5 2 5 6 3 2 5 9 1 5 6 5 3 6 10 2 5 6 5 4 6 8 4 5 7 5 1 5 10 7 
3998059 32 5 4 6 6 6 4 4 6 3 3 7 6 4 4 6 4 5 7 6 4 4 7 8 9 4 7 7 6 8 7 4 2 2 9 9 7 6 5 7 6 6 5 6 5 4 3 2 5 7 7 5 4 3 1 5 5 7 5 4 4 1 5 4 7 5 5 3 1 5 3 6 5 4 3 1 4 6 6 4 4 3 1 6 6 6 4 5 4 1 5 4 5 4 4 4 2 6 6 5 3 5 5 4 5 4 5 3 5 7 5 4 3 4 3 4 7 5 3 3 4 3 5 10 10 3 3 5 3 3 8 10 3 3 5 2 5 8 6 3 3 4 2 5 8 1 4 3 4 2 5 9 5 5 3 4 2 5 7 3 4 3 5 3 6 8 7 5 4 
3998059 33 4 5 2 7 3 2 2 3 4 6 3 5 6 6 4 5 6 6 7 5 5 4 4 8 7 7 5 6 4 6 7 7 8 7 6 5 9 4 2 4 8 8 4 6 3 5 6 6 3 3 3 6 7 5 7 4 4 5 7 10 8 4 4 4 5 6 10 6 3 4 4 6 2 9 6 10 7 3 2 5 10 9 6 3 4 3 7 10 7 5 5 4 10 8 10 9 5 6 4 6 5 6 3 8 4 4 6 2 9 7 5 4 3 4 6 5 4 7 5 4 8 8 7 5 7 4 4 8 7 8 5 8 7 5 7 8 8 3 5 2 5 10 5 5 2 7 5 5 6 5 10 4 6 6 4 6 2 9 5 5 6 4 6 10 8 2 6 5 
3998059 34 6 3 2 6 7 3 3 5 3 4 9 8 4 3 5 5 6 5 7 5 5 5 7 6 4 5 6 8 6 8 8 4 3 8 7 7 7 6 4 3 7 7 6 8 1 4 5 6 5 5 6 4 4 5 5 5 6 7 6 4 3 5 6 7 8 7 4 2 5 5 6 7 6 5 3 4 4 6 6 2 5 6 4 4 6 6 2 6 5 4 4 6 6 3 5 3 4 3 6 5 5 5 1 4 3 6 5 5 5 1 4 4 6 6 6 5 4 4 4 6 5 4 6 5 3 3 6 5 4 6 3 3 3 7 5 1 5 5 4 4 5 4 2 5 2 4 3 5 4 6 6 5 4 3 6 4 7 5 3 4 3 6 5 6 5 3 4 3 
3998059 35 6 4 6 9 5 3 4 7 10 8 6 9 8 9 4 5 3 4 5 4 5 4 5 5 6 5 4 4 4 5 3 5 4 6 6 5 5 7 3 4 7 5 5 5 4 5 5 7 5 6 8 8 10 10 6 9 7 8 2 2 4 10 10 6 8 9 10 8 10 9 7 8 4 5 6 8 5 5 6 2 8 7 1 1 5 5 2 5 5 1 1 4 4 4 8 7 2 1 4 5 5 6 6 3 1 4 4 4 7 6 3 2 4 5 4 6 8 2 1 4 5 5 5 7 1 1 4 6 5 2 6 10 3 4 5 5 7 7 5 1 5 6 6 5 7 6 2 5 6 3 3 5 9 1 5 6 5 3 6 10 3 5 6 5 4 6 8 5 
3998059 36 5 6 7 6 8 6 4 5 6 9 8 7 5 5 5 2 5 8 3 3 3 5 8 4 4 5 4 6 5 7 3 4 6 9 7 4 4 4 3 4 6 8 4 6 7 3 1 4 4 5 8 10 4 1 2 2 5 8 10 3 1 2 6 6 10 10 8 6 2 4 6 10 1 1 3 6 10 4 2 1 4 2 2 3 3 1 7 2 5 7 7 4 2 6 4 7 6 5 4 1 9 5 7 5 6 4 3 8 4 8 9 6 5 7 4 1 4 9 8 4 3 2 3 6 7 3 3 1 6 5 5 9 4 4 2 8 7 8 5 4 4 2 6 8 6 3 4 4 3 1 6 6 10 7 3 1 5 10 9 6 4 4 1 8 7 7 5 5 
3998059 37 5 6 9 8 8 5 5 5 2 5 8 5 4 3 5 8 5 5 6 4 6 5 7 3 5 7 9 7 4 4 4 4 5 6 8 4 6 7 3 2 4 4 5 8 10 5 3 3 2 5 8 10 4 1 2 6 6 10 10 8 7 3 4 6 10 1 2 4 7 10 4 2 1 5 4 3 3 3 1 8 3 6 7 7 4 2 6 4 8 6 5 4 1 10 5 7 6 6 4 3 8 5 9 9 6 5 7 4 2 5 9 8 4 3 1 4 7 7 3 3 1 6 5 6 9 4 4 2 9 8 9 5 4 4 2 6 8 7 4 4 4 3 1 6 7 10 7 3 1 5 10 10 7 4 4 1 9 8 8 5 5 4 7 10 8 10 6 6 
3998059 38 5 2 5 9 5 4 4 5 7 5 5 7 5 6 5 7 4 5 8 9 7 4 4 5 4 6 7 8 4 5 6 4 3 5 5 5 7 9 5 4 3 3 5 8 10 4 1 3 6 6 10 10 9 8 3 5 6 10 1 1 5 7 9 4 2 1 5 4 3 4 3 1 7 3 7 7 7 4 2 6 5 9 6 5 4 1 8 6 9 6 6 4 3 7 5 10 9 6 5 6 4 2 6 9 8 4 3 2 4 8 7 4 3 1 6 6 7 9 5 4 2 8 9 10 6 5 4 2 6 9 8 4 5 4 3 1 7 8 10 7 3 1 5 10 10 7 5 4 1 8 9 9 6 5 4 7 9 9 10 6 6 4 3 5 5 5 9 5 
3998059 39 5 7 4 7 7 5 6 5 6 3 7 8 9 7 4 2 4 4 6 7 8 4 4 5 3 4 5 4 5 7 8 7 5 4 2 5 7 8 4 3 3 6 6 10 9 10 8 4 4 6 10 1 1 6 7 9 4 1 1 7 5 4 3 3 1 6 1 7 7 6 4 1 5 6 9 6 5 4 1 7 8 8 6 6 4 1 6 7 9 9 6 5 5 4 1 6 9 8 4 1 2 4 8 7 3 3 1 5 8 7 9 4 4 1 7 10 9 6 4 4 1 5 10 8 5 4 4 1 1 10 8 10 7 3 1 4 10 10 7 4 4 1 6 10 9 6 5 4 6 8 10 10 7 6 4 1 5 6 6 9 5 4 1 1 10 9 6 4 
3998059 40 6 8 7 9 6 3 4 6 8 2 3 3 7 9 4 4 4 6 3 3 3 3 4 6 4 6 7 6 4 4 6 6 8 6 5 4 4 7 6 7 6 6 4 5 6 6 8 9 6 5 6 5 3 4 10 7 4 5 5 5 7 8 3 3 4 6 6 6 9 4 4 4 7 8 8 6 4 4 4 6 9 7 4 4 4 5 5 7 6 10 6 3 3 6 10 10 7 4 4 4 7 8 8 6 5 4 6 7 8 10 7 6 4 5 6 5 4 10 5 4 5 5 7 8 6 4 3 4 6 5 4 9 5 4 6 7 6 6 9 4 4 5 7 7 6 10 7 5 5 7 7 3 6 3 5 7 6 5 2 9 5 5 5 6 8 5 8 6 
3998059 41 3 4 6 4 4 5 6 4 5 6 7 7 4 4 4 4 8 8 6 3 6 4 6 7 7 8 8 6 5 9 4 3 2 8 8 4 6 2 5 6 5 2 3 3 5 8 4 7 4 4 4 7 10 8 3 3 4 5 5 10 5 1 4 4 6 1 10 5 10 7 3 2 5 10 9 5 3 4 3 7 10 7 3 4 4 10 9 10 10 4 6 4 6 5 6 2 8 4 4 6 1 9 7 3 4 3 4 6 6 2 7 5 4 8 8 7 4 7 4 4 8 8 9 4 9 8 5 7 8 8 1 4 2 5 10 5 6 1 7 5 5 6 4 10 3 6 5 4 6 1 10 4 4 6 4 6 10 8 1 6 5 6 9 2 6 1 2 5 
3998059 42 5 9 3 9 9 9 9 3 6 3 6 6 5 5 3 4 6 5 5 4 5 4 4 7 4 4 5 6 4 5 7 4 4 5 4 5 5 7 4 4 4 4 5 6 6 5 5 4 5 3 4 7 4 4 6 3 4 6 7 4 4 6 4 4 5 6 5 5 5 4 5 5 5 4 4 5 6 4 6 3 5 5 8 7 5 9 10 5 5 8 9 6 8 9 4 4 10 10 5 6 2 4 4 6 10 4 5 4 4 4 10 10 4 6 8 4 4 10 10 5 6 5 4 4 7 8 5 7 9 4 4 10 10 5 6 5 10 9 7 5 5 6 6 4 4 10 10 5 6 6 4 4 10 10 5 6 5 4 4 10 10 5 7 9 4 4 10 10 
3998059 43 3 7 2 9 9 7 6 3 2 6 5 5 3 6 4 4 6 4 4 8 9 4 6 7 4 4 7 3 5 7 7 4 4 4 4 5 7 5 6 6 4 5 3 4 7 4 3 9 1 4 8 8 4 5 9 4 4 7 6 6 6 7 3 5 5 4 5 4 6 9 4 8 2 6 6 10 10 5 10 10 5 7 10 10 6 10 10 4 3 10 10 5 9 1 3 3 10 10 4 6 3 3 3 10 10 4 8 8 3 3 10 10 5 7 4 4 4 10 10 5 10 9 3 4 10 10 5 9 4 10 10 10 6 5 8 5 3 3 10 10 5 9 5 3 4 10 10 5 8 4 3 3 10 10 5 10 9 3 3 10 10 7 10 8 3 3 10 10 
3998059 44 5 5 3 5 8 9 7 4 3 4 4 6 7 8 4 4 5 4 4 5 4 5 6 7 6 5 4 3 5 6 7 4 3 4 6 6 9 8 9 8 4 5 6 10 1 2 6 7 10 4 2 1 5 5 4 3 3 1 5 3 7 7 7 4 2 5 5 8 7 5 4 1 6 6 8 6 6 4 3 5 5 9 9 6 5 5 3 2 6 9 8 4 2 2 4 8 7 4 3 1 4 6 7 9 5 4 1 6 9 9 6 4 4 2 4 9 8 5 5 4 2 1 7 7 10 7 3 1 4 10 10 7 4 4 1 6 9 8 6 5 4 5 7 9 10 7 6 4 2 4 5 6 9 5 4 2 1 7 8 6 5 3 1 5 4 6 8 6 
3998059 45 4 3 5 5 7 8 7 4 4 6 5 4 6 4 5 5 7 6 5 4 3 5 5 7 5 3 4 6 6 7 7 9 8 4 4 6 8 2 3 6 8 8 4 2 4 6 6 4 4 3 2 6 4 8 8 6 4 2 6 6 9 7 5 4 1 6 6 9 7 6 4 3 6 6 10 10 6 5 4 5 3 7 10 7 4 3 5 5 9 8 4 3 1 6 6 8 10 4 4 2 6 8 10 7 4 4 2 6 9 8 5 4 4 3 4 7 8 10 6 3 1 5 10 10 8 4 4 1 6 8 9 7 5 4 5 7 8 10 8 6 4 3 5 6 6 10 5 4 3 4 7 9 7 4 3 2 6 5 6 10 5 4 4 6 6 8 10 5 
3998059 46 4 4 6 5 4 6 5 5 5 7 6 5 5 3 5 5 7 5 3 4 6 6 7 7 9 9 4 5 6 8 2 3 6 9 9 4 3 4 6 6 4 4 3 2 6 4 8 10 7 4 3 6 6 10 8 6 4 2 6 6 9 8 6 4 3 6 6 10 10 6 5 5 5 3 7 10 8 4 3 5 5 9 10 4 3 2 6 6 8 10 5 4 3 6 8 10 8 5 4 3 6 9 9 6 5 4 3 5 7 8 10 7 3 1 6 10 10 9 5 4 2 6 8 10 8 6 4 5 7 8 10 9 6 4 3 6 5 7 10 5 4 3 4 7 10 8 5 3 2 6 5 7 10 6 4 4 7 6 8 10 5 4 4 6 7 8 10 7 
3998059 47 5 6 7 6 5 4 3 5 6 7 5 2 4 6 6 7 7 9 8 4 5 6 8 2 3 6 8 9 4 3 4 6 5 4 4 3 3 6 4 7 8 6 4 4 6 6 9 7 5 4 3 6 6 8 7 6 4 4 6 6 9 10 6 5 5 5 4 6 10 7 4 4 5 5 8 8 4 3 3 6 6 7 10 5 4 3 6 8 9 7 5 4 3 6 9 8 5 5 4 4 5 7 8 10 7 3 2 6 10 10 8 5 4 3 6 8 9 7 5 4 5 7 8 10 7 6 4 4 6 6 6 10 5 4 4 4 7 9 7 5 3 3 6 5 6 10 6 4 5 7 6 8 10 5 4 5 6 7 7 10 7 5 4 6 7 6 7 4 
3998059 48 5 6 7 5 2 3 6 6 7 7 9 7 4 4 6 8 2 3 5 7 9 4 4 4 6 5 4 3 3 4 6 4 6 8 6 4 4 6 6 8 7 5 4 3 7 6 7 7 6 4 4 6 6 8 9 6 5 5 5 4 6 10 7 4 4 5 5 7 8 3 3 3 6 6 7 9 4 4 4 6 8 8 6 4 4 4 6 9 7 5 4 4 4 5 7 7 10 6 3 3 6 10 9 7 4 4 3 6 8 8 6 5 4 6 7 8 9 7 6 4 4 6 6 5 10 5 4 4 5 7 8 7 4 3 4 6 5 5 9 5 4 5 7 6 7 9 4 4 5 7 7 6 10 7 5 5 7 7 5 7 3 5 6 6 5 4 9 5 
3998059 49 6 10 2 2 3 6 9 4 5 5 7 3 2 3 3 4 7 4 5 6 6 4 5 6 6 7 5 5 4 4 7 7 7 5 5 4 5 7 7 8 8 6 5 6 6 3 4 8 7 4 5 5 5 6 6 3 3 4 6 7 5 8 4 4 5 7 10 8 5 4 4 5 6 10 6 3 4 4 5 5 9 6 10 6 3 4 6 10 9 6 4 4 4 7 10 7 5 4 4 7 7 10 9 5 5 4 5 6 6 4 9 4 4 5 5 9 7 5 4 3 4 6 5 4 8 5 4 6 7 7 6 8 4 4 6 7 8 5 9 7 5 6 7 8 3 5 3 5 7 6 6 2 7 5 5 5 6 10 4 7 5 4 5 5 9 5 5 6 
3998059 50 4 5 6 6 7 3 5 4 4 8 7 6 3 6 4 6 7 6 8 7 6 5 9 4 2 2 8 9 4 6 3 5 6 5 3 3 3 6 7 4 7 4 4 5 7 10 8 3 4 4 5 5 10 5 1 4 4 6 1 9 5 10 7 3 2 5 10 9 4 4 4 3 7 10 7 3 5 4 9 9 10 10 4 6 4 6 5 6 1 8 5 4 6 1 9 7 3 4 3 4 6 5 2 7 5 4 8 9 6 4 7 4 4 8 8 8 4 8 8 5 7 8 8 1 3 2 5 10 5 5 1 6 6 5 6 5 10 3 5 6 4 6 1 9 4 3 6 4 6 10 8 1 6 5 6 9 3 5 1 2 6 8 10 10 10 6 2 7 
3998059 51 4 6 8 3 5 7 6 6 4 6 9 5 3 3 7 9 7 6 9 8 9 4 5 3 4 5 5 5 4 4 5 6 5 4 4 4 5 4 5 4 6 6 5 5 7 4 4 8 4 5 5 4 5 5 7 4 6 8 8 10 10 6 8 7 7 3 2 3 10 10 6 8 8 10 8 10 8 7 8 4 5 6 8 5 5 5 2 8 7 1 1 5 5 3 5 5 1 1 4 4 4 8 7 2 1 4 5 5 6 6 3 1 4 4 4 7 6 3 2 4 5 4 6 8 2 1 4 5 5 5 7 1 1 4 6 4 2 5 10 2 4 5 5 7 6 5 1 5 6 5 6 6 6 2 5 6 3 3 5 9 1 5 6 5 3 6 10 2 
3998059 52 3 3 4 7 7 3 7 4 4 5 5 5 7 8 4 6 7 4 5 7 4 5 7 8 5 6 4 5 5 8 3 9 8 4 6 3 5 7 4 2 8 2 4 9 9 4 6 8 5 4 7 4 9 9 7 4 5 5 1 6 4 5 8 4 9 1 9 9 10 10 5 10 10 8 10 10 10 6 10 10 3 3 10 10 5 9 1 3 3 9 10 4 6 1 2 2 10 10 4 8 10 2 2 10 10 5 8 1 3 6 10 10 5 10 10 2 5 10 10 5 9 1 10 10 9 6 5 9 2 2 3 10 10 5 9 3 2 4 10 10 5 9 1 2 3 10 10 5 10 10 1 3 10 10 7 10 10 2 2 10 10 4 10 1 1 5 10 10 
3998059 53 4 3 4 5 5 6 9 4 5 6 4 5 6 5 5 6 7 5 6 3 5 5 7 2 9 9 3 6 3 4 6 4 2 7 3 4 8 8 5 6 7 5 4 6 4 9 10 6 4 5 4 1 6 4 5 9 4 8 1 10 9 10 10 5 10 10 8 10 10 10 6 10 10 3 3 10 10 5 9 1 3 3 8 10 4 5 1 3 2 10 10 4 7 9 2 2 10 10 5 7 1 3 6 9 10 5 10 10 2 5 10 10 5 9 1 10 10 9 7 5 8 2 2 3 10 10 5 9 2 3 4 10 10 5 8 1 2 3 10 10 5 10 10 1 3 10 10 7 10 8 2 2 10 10 4 10 1 1 5 10 10 5 8 10 2 3 10 10 
3998059 54 4 4 6 4 5 6 5 5 6 7 5 5 3 6 5 7 2 8 7 3 8 3 2 6 4 3 8 2 4 8 8 4 5 7 6 4 6 4 8 8 6 5 5 3 1 6 4 5 10 4 8 1 9 8 10 10 5 10 10 7 9 10 10 6 10 10 3 3 10 10 5 9 1 3 3 8 10 4 4 1 3 2 10 10 4 7 9 2 2 10 10 5 7 1 3 5 9 10 5 10 10 3 4 10 10 5 9 1 10 10 9 9 5 8 2 2 3 10 10 5 9 3 3 4 10 10 5 9 1 2 3 10 10 5 10 10 2 3 10 10 7 10 8 2 3 10 10 4 10 1 2 5 10 10 5 8 10 2 3 10 10 5 8 1 3 3 10 10 
3998059 55 5 6 7 5 5 3 5 5 7 4 8 7 3 6 3 3 7 3 3 8 3 4 8 8 4 5 7 5 4 6 5 8 8 6 4 5 4 2 5 4 5 9 4 8 1 8 8 10 10 5 10 10 7 9 10 10 6 10 10 3 3 10 10 5 9 1 2 3 9 10 4 4 1 2 2 10 10 4 7 8 2 3 10 10 5 7 1 3 5 10 10 5 10 10 2 5 10 10 5 9 2 10 10 9 7 5 8 4 2 3 10 10 5 9 4 2 4 10 10 5 9 1 1 3 10 10 5 10 10 1 3 10 10 7 10 8 2 3 10 10 4 10 1 1 5 10 10 5 8 10 2 3 10 10 5 8 2 2 3 10 10 4 3 2 4 5 10 10 
3998059 56 6 8 8 4 7 5 5 6 6 2 4 3 8 8 4 5 7 5 5 6 5 6 3 5 9 5 3 3 7 8 6 7 8 7 8 4 4 4 5 5 4 4 4 4 5 7 5 4 3 4 4 4 6 4 5 5 5 4 6 5 4 6 4 5 4 5 6 5 6 4 6 6 7 10 10 5 7 7 6 4 4 4 9 10 6 6 7 10 7 10 7 7 6 5 6 6 6 4 5 4 3 8 7 2 1 5 4 4 6 5 1 1 4 3 4 8 7 2 1 4 4 5 7 6 3 1 4 3 4 7 6 3 2 4 4 5 7 7 2 1 4 4 5 6 6 2 1 4 5 5 4 5 9 2 4 4 5 8 6 5 1 5 5 5 6 6 5 2 
3998059 57 6 7 2 3 3 9 8 4 5 8 4 6 6 5 6 4 6 8 5 3 3 7 9 7 6 9 7 8 4 4 4 5 5 4 5 4 4 5 6 5 4 4 4 5 4 5 4 6 5 5 5 7 4 4 6 4 5 4 5 6 6 6 4 6 7 7 9 10 6 7 7 7 4 3 4 9 10 6 7 8 10 8 10 7 7 7 5 6 6 7 4 5 5 3 8 7 2 1 5 5 4 5 5 2 2 4 4 5 8 7 3 1 4 4 5 7 6 3 1 4 4 5 7 6 3 2 4 4 5 6 8 3 1 4 5 6 6 7 2 1 4 6 5 3 6 9 3 4 4 5 7 6 5 2 5 5 6 6 7 5 2 5 6 4 4 5 8 1 
3998059 58 3 4 5 3 3 5 3 4 6 6 4 5 5 4 4 5 5 7 7 4 4 5 4 4 5 4 3 6 4 6 3 8 7 8 7 5 9 9 6 8 8 9 6 8 7 2 3 10 10 5 6 2 2 3 6 10 4 4 4 2 3 10 10 4 5 6 1 3 10 10 5 5 4 3 5 6 8 5 7 7 2 4 10 10 5 6 4 10 10 6 5 5 6 5 2 3 10 10 5 6 5 2 4 10 10 5 6 4 1 3 10 10 5 7 7 1 3 10 10 7 8 6 2 3 10 10 4 8 1 1 4 10 10 5 6 7 2 3 10 10 5 6 4 2 3 10 10 4 4 4 3 4 7 9 6 7 5 1 2 10 10 5 5 4 3 4 10 9 
3998059 59 5 6 6 7 7 3 5 3 3 7 3 3 6 3 4 7 8 4 5 6 5 4 6 6 7 7 5 4 5 4 5 5 4 4 7 4 8 2 8 7 9 9 5 10 10 6 8 9 10 6 10 10 3 3 10 10 5 8 1 2 3 6 10 4 4 3 2 2 10 10 4 7 8 1 3 10 10 5 7 4 3 5 7 10 5 9 9 2 4 10 10 5 8 5 10 10 7 6 5 8 6 2 3 10 10 5 8 6 2 4 10 10 5 8 4 1 3 10 10 5 10 9 1 3 10 10 7 10 8 2 3 10 10 4 10 1 1 4 10 10 5 7 10 2 3 10 10 5 7 4 2 3 10 10 4 3 4 3 4 8 10 6 10 7 1 2 10 10 
3998059 60 1 3 6 2 7 6 2 3 4 9 8 7 8 6 4 9 5 7 7 7 5 3 6 3 6 5 3 6 3 6 6 6 5 4 6 3 5 5 4 2 4 8 3 5 5 5 1 6 7 3 6 3 6 3 4 6 3 5 5 4 3 7 9 3 6 5 4 3 7 8 3 7 5 1 4 7 3 3 9 3 1 4 5 10 4 10 4 10 10 5 7 3 8 5 2 4 5 10 3 9 5 2 4 4 4 4 9 5 3 6 6 5 4 9 3 3 7 4 9 3 9 6 2 3 7 6 4 7 2 2 5 10 10 4 9 3 3 5 1 10 4 9 5 3 4 9 10 4 9 3 1 4 8 7 3 7 3 1 4 7 5 3 8 6 1 3 8 9 
3998059 61 3 6 8 8 9 4 3 3 4 6 3 4 4 7 3 5 7 6 3 6 5 3 9 2 8 6 4 3 3 4 5 4 6 8 8 3 6 6 4 6 8 7 3 10 6 1 7 8 1 3 10 1 1 8 5 9 4 10 5 10 10 4 4 3 10 5 1 7 5 10 3 10 7 1 8 4 1 4 10 8 2 10 6 2 4 10 1 1 10 4 8 3 10 10 1 6 8 3 4 10 1 1 10 10 10 4 10 1 2 9 1 9 4 10 5 2 8 10 10 4 10 1 1 8 9 4 3 10 1 1 7 7 1 3 10 9 1 5 9 7 3 10 9 1 4 10 8 5 10 3 1 10 10 10 3 10 1 1 9 10 3 2 5 1 2 10 6 1 
3998059 62 2 4 5 6 6 2 4 3 4 5 4 5 6 5 5 9 9 4 6 5 8 5 6 3 5 4 5 5 3 5 5 4 3 6 3 3 5 5 9 9 9 7 3 3 5 10 9 4 1 3 2 5 10 9 1 2 3 3 5 10 10 3 1 5 6 6 10 10 1 4 4 3 5 10 10 1 3 4 4 5 10 8 4 4 4 5 5 10 10 1 4 4 5 5 10 10 3 3 5 4 6 10 8 1 3 4 5 5 10 7 5 4 4 4 5 10 7 3 2 4 5 5 7 7 10 5 4 5 5 10 6 6 2 4 5 5 10 7 10 4 4 7 7 6 7 10 6 6 6 5 10 7 10 5 5 5 3 6 6 9 3 4 5 5 7 5 10 3 
3998059 63 2 4 3 9 8 8 4 1 3 6 3 5 6 3 3 5 9 6 7 7 7 4 9 6 5 6 6 6 3 6 4 5 4 3 7 3 6 6 5 3 4 7 3 5 5 4 1 3 10 3 6 6 4 1 5 9 3 7 4 5 1 4 7 3 5 5 4 1 6 10 3 6 5 4 1 6 10 3 7 5 2 2 6 3 3 9 4 2 2 4 10 4 10 5 8 10 4 8 3 8 5 3 1 4 10 3 9 6 3 2 4 4 4 9 6 4 5 5 6 4 9 4 3 6 4 10 3 9 7 3 1 6 7 4 7 3 3 4 9 10 4 9 4 3 3 1 10 4 9 5 4 2 8 10 4 9 4 2 2 7 8 3 8 4 2 2 6 5 
3998059 64 3 4 6 5 4 3 7 3 5 7 7 2 5 6 3 7 2 8 6 3 5 3 4 5 6 7 7 7 3 5 6 6 6 7 7 3 9 7 2 8 7 2 3 10 1 2 9 4 8 4 10 5 10 10 4 5 3 10 6 3 8 4 10 3 10 8 3 9 3 3 4 10 8 5 10 5 4 4 10 1 4 10 4 7 3 10 10 3 6 8 4 4 8 1 3 10 10 10 4 10 1 4 10 1 8 4 10 5 5 8 10 10 4 10 1 2 9 9 5 3 9 1 1 8 7 3 3 9 10 1 6 8 7 3 10 10 2 4 10 7 5 10 3 3 10 9 10 3 10 1 4 10 10 5 2 4 1 5 10 5 2 2 3 10 4 8 4 1 
3998059 65 4 9 2 3 8 3 4 2 4 5 9 8 8 4 1 4 7 4 4 6 3 3 4 8 6 6 7 8 4 6 6 6 5 6 6 3 5 5 5 2 3 8 3 5 6 5 1 4 8 3 5 6 4 1 4 10 3 5 6 5 1 5 9 3 5 6 5 1 4 8 3 5 6 5 1 6 10 3 5 6 5 1 6 10 3 6 6 3 1 6 4 3 7 6 3 1 4 10 4 7 6 8 10 4 9 3 6 6 4 1 4 10 3 6 6 4 1 4 5 4 7 6 4 4 5 7 4 7 5 4 4 4 10 3 7 7 4 1 6 7 4 5 5 3 2 9 10 4 6 5 4 1 1 10 4 6 6 4 1 8 10 4 6 5 3 1 7 9 
3998059 66 4 7 7 4 4 5 9 4 8 8 9 9 4 3 3 7 2 5 6 4 5 2 3 5 4 4 3 5 2 4 6 5 5 7 4 3 5 6 5 4 9 6 5 10 10 4 5 8 10 5 9 2 5 3 8 5 3 7 5 4 2 9 1 3 6 5 7 8 10 10 3 3 5 9 8 8 1 3 1 6 10 8 5 1 3 2 5 10 10 7 1 5 9 7 10 10 6 3 4 3 5 10 9 5 1 4 5 5 9 7 8 3 4 6 5 9 9 7 4 4 6 6 8 9 8 1 5 5 6 8 7 7 1 4 7 5 7 6 8 4 4 5 5 9 6 7 1 4 7 5 6 6 10 5 4 6 6 7 6 9 1 4 7 5 7 6 10 3 
3998059 67 4 6 7 9 9 4 4 3 5 3 5 6 4 5 2 4 5 4 4 3 5 2 4 5 5 5 7 4 3 5 5 5 4 8 6 5 9 9 4 4 8 9 5 6 3 5 3 8 5 3 6 5 4 2 8 3 3 5 5 7 8 9 8 3 4 5 9 8 7 1 3 3 5 10 8 5 1 3 3 5 10 10 7 1 5 6 6 10 10 6 4 4 4 5 10 9 5 2 4 5 5 9 7 7 4 4 5 5 9 9 6 4 4 5 5 8 9 7 3 5 5 6 8 7 6 2 4 5 4 7 6 7 4 4 5 5 9 6 7 1 4 6 5 6 5 10 5 4 5 5 7 5 8 1 4 5 5 7 6 10 4 4 7 7 5 6 10 6 
3998059 68 3 5 4 7 8 3 5 2 3 5 3 5 3 5 2 4 6 8 7 6 4 3 5 6 5 5 7 5 5 9 9 4 6 7 9 5 6 4 6 2 7 5 3 6 5 3 1 7 2 3 5 6 10 10 8 8 3 4 5 10 10 6 1 3 3 6 10 10 4 1 3 3 6 10 10 6 1 5 6 6 10 10 5 3 4 4 5 10 10 4 2 4 5 6 10 10 6 4 4 5 6 10 10 5 4 4 5 6 10 10 6 2 5 5 6 10 10 5 2 4 5 5 10 8 7 4 4 5 5 10 8 6 1 4 6 5 9 8 9 5 4 5 6 10 7 7 1 4 5 5 10 9 9 4 4 7 7 7 8 10 6 6 7 6 10 8 10 5 
3998059 69 2 3 5 4 6 2 5 2 4 5 9 8 5 5 3 5 6 5 6 7 6 5 9 9 4 7 6 9 5 6 3 7 4 6 5 3 6 5 4 2 7 3 3 5 5 10 10 8 8 3 4 5 10 10 6 1 3 3 5 10 10 3 2 3 3 5 10 10 5 1 5 6 6 10 10 4 4 4 4 5 10 10 3 3 4 5 5 10 10 6 4 4 5 5 10 10 5 5 4 5 5 10 10 6 3 5 5 6 10 10 5 3 4 5 5 10 9 6 5 4 5 5 10 9 6 2 4 6 5 10 8 9 5 4 5 5 10 8 7 2 4 5 5 10 10 9 4 4 7 7 8 9 10 6 6 7 5 10 9 10 5 5 5 3 8 8 8 3 
3998059 70 3 4 7 7 2 5 6 3 5 3 8 6 3 5 3 4 6 6 6 7 7 3 4 6 6 5 7 6 3 6 7 3 7 7 2 3 9 3 3 8 4 7 4 10 6 10 10 3 5 3 7 6 4 7 4 10 3 8 8 4 8 3 3 4 9 8 5 10 5 4 4 9 2 5 10 3 7 3 9 10 4 5 8 4 4 6 1 4 9 10 10 4 8 2 5 9 1 8 4 8 6 5 7 10 10 4 8 2 3 8 9 5 3 7 3 2 7 7 3 3 7 9 2 5 9 7 3 7 10 3 4 10 7 5 10 4 4 9 9 9 3 9 1 5 9 10 5 2 4 1 5 10 5 2 2 3 10 5 7 4 1 2 1 4 4 5 1 1 
3998059 71 2 4 5 4 3 3 3 4 7 7 4 4 6 9 4 8 8 9 9 5 4 3 7 2 5 6 5 6 2 3 5 4 5 4 6 2 4 6 5 6 9 5 3 5 6 5 5 10 7 5 10 10 5 5 10 10 5 8 2 5 4 10 6 3 7 5 4 3 10 2 3 6 5 7 8 10 10 3 4 5 9 8 10 1 3 2 6 10 8 6 1 3 3 6 10 10 9 1 5 9 7 10 10 8 4 4 4 5 10 8 6 2 4 6 5 9 7 10 4 4 7 5 9 9 8 5 4 6 6 8 8 9 2 5 6 6 8 7 8 2 4 7 5 7 6 10 5 4 6 5 9 6 9 1 4 7 5 6 6 10 6 4 7 6 7 6 10 1 
3998059 72 3 4 5 4 4 9 4 3 4 5 6 5 6 6 2 3 5 4 3 3 4 4 7 7 4 5 7 9 4 8 8 9 9 5 4 3 7 2 5 6 5 6 2 3 5 4 5 3 6 2 4 6 5 6 10 5 3 5 6 5 5 10 7 5 10 10 4 5 10 10 5 9 2 5 4 10 6 3 7 5 4 4 10 2 3 6 5 7 8 10 10 3 4 5 9 8 10 1 3 2 6 10 8 6 1 3 3 5 10 10 10 1 5 9 7 10 10 8 4 4 4 5 10 9 6 2 4 6 5 8 8 10 4 4 7 5 8 9 9 5 4 6 6 8 9 10 3 5 5 6 8 7 9 2 4 7 5 7 7 10 5 4 6 5 9 6 10 1 
3998059 73 3 4 5 6 5 7 5 2 4 5 4 3 3 3 4 7 7 4 5 8 9 4 8 8 9 9 6 4 3 7 2 5 6 6 6 2 3 5 4 5 4 6 2 4 6 5 6 10 5 3 5 6 5 5 10 7 5 10 10 4 5 10 10 5 8 2 5 4 10 5 3 7 5 4 3 10 2 3 6 6 7 8 10 10 3 4 5 9 8 10 1 3 2 6 10 8 8 1 3 3 6 10 10 10 1 5 9 7 10 10 10 4 4 4 5 10 9 8 1 4 6 5 8 8 10 4 4 7 5 8 9 10 4 4 6 6 8 9 10 2 5 6 6 8 7 10 2 4 7 5 7 6 10 5 4 6 5 9 6 10 1 4 7 5 6 6 10 6 
3998059 74 6 7 6 4 4 9 8 5 7 4 4 5 7 6 4 7 2 9 9 4 2 3 4 7 5 5 6 6 3 4 7 7 6 5 7 2 3 7 5 4 4 5 4 7 9 4 5 5 9 4 9 10 10 8 4 6 3 8 2 6 7 4 7 2 3 6 5 6 4 7 2 4 7 6 6 6 6 3 6 7 5 6 7 7 5 10 10 5 6 7 10 5 9 2 5 5 7 7 3 8 6 5 5 7 5 3 7 7 8 8 7 9 3 4 6 10 8 6 3 3 2 7 10 8 5 3 3 2 7 10 10 6 2 5 10 9 10 10 5 5 4 4 7 10 8 5 4 4 6 7 10 7 6 6 4 7 7 10 8 6 6 4 7 7 9 8 6 5 
3998059 75 5 7 4 4 5 9 6 4 7 2 9 9 3 2 3 4 6 5 5 7 5 3 4 6 7 5 5 6 2 3 6 4 4 4 5 4 7 8 4 5 6 8 4 9 10 10 8 5 6 3 7 2 6 6 5 7 2 3 6 5 5 4 6 2 4 7 6 6 8 6 3 6 7 5 5 9 7 5 10 10 5 6 9 10 5 9 3 5 5 9 6 3 8 6 5 4 9 5 3 7 6 8 8 10 9 3 4 6 10 8 8 3 3 2 7 10 8 6 3 3 2 6 10 10 8 2 5 10 8 10 10 7 5 4 4 6 10 8 6 4 4 6 6 10 7 8 6 4 7 6 10 8 7 6 4 7 6 9 8 8 5 5 6 7 9 7 7 4 
3998059 76 4 7 2 7 8 3 2 3 4 5 4 4 8 5 3 4 5 6 5 6 6 2 3 5 4 4 4 5 4 7 7 4 5 7 8 4 8 8 8 8 5 6 3 7 2 5 6 5 7 2 3 5 4 5 4 6 2 4 6 5 5 10 6 3 5 6 4 5 10 7 5 10 10 4 5 10 10 5 9 2 5 4 10 6 3 7 5 4 4 10 5 3 6 5 6 7 10 9 3 4 5 8 7 10 3 3 2 6 10 7 7 3 3 3 5 10 10 10 2 5 9 7 10 10 8 5 4 4 5 9 7 7 4 4 6 5 8 7 10 6 4 7 5 8 7 9 6 4 6 6 7 7 10 5 5 5 6 7 6 9 4 4 7 5 7 6 10 6 
3998059 77 4 3 6 4 4 5 5 4 5 8 5 4 6 6 6 7 6 5 4 9 8 5 7 4 5 5 6 6 4 7 2 9 9 2 2 3 3 6 5 6 5 6 3 3 6 7 6 4 7 2 3 6 5 5 3 6 4 7 8 5 6 4 9 4 9 10 10 8 3 6 3 7 3 6 7 3 7 2 2 6 5 6 3 7 2 4 7 7 7 5 6 3 5 7 6 6 6 8 5 10 10 6 6 6 10 5 10 3 6 6 6 7 3 8 6 5 5 6 5 3 6 6 8 8 7 10 3 3 6 10 8 6 3 3 1 7 10 8 4 3 3 1 6 10 10 5 2 5 10 8 10 10 5 6 4 3 6 10 8 4 4 4 6 6 10 8 6 6 
3998059 78 4 5 8 4 4 6 5 6 7 6 4 4 9 8 5 7 4 4 5 6 6 4 7 2 9 9 3 2 3 3 6 5 5 5 6 3 3 6 7 6 4 7 2 3 6 5 5 3 5 4 7 8 5 6 4 9 4 9 10 10 8 4 6 3 7 3 6 7 4 7 2 2 6 5 6 3 7 2 4 7 6 6 6 6 3 5 7 5 6 6 7 5 10 10 5 6 6 10 5 10 3 6 5 6 7 3 8 6 5 5 6 5 3 6 6 8 8 7 9 3 3 6 10 8 6 3 3 1 7 10 8 4 3 3 1 6 10 10 6 2 5 10 8 10 10 5 5 4 3 6 10 8 4 4 4 6 6 9 7 6 6 4 7 6 10 8 5 6 
3998059 79 4 9 9 9 9 9 4 5 6 3 6 6 4 9 4 3 5 3 4 4 4 4 4 7 5 3 5 4 6 6 5 5 4 8 7 5 6 4 5 7 4 5 4 6 3 10 10 1 2 3 3 5 7 7 3 5 3 3 5 10 8 2 6 2 2 5 7 6 1 4 4 6 6 6 8 2 7 4 7 8 10 10 1 5 3 6 3 10 10 1 6 2 2 5 7 8 1 6 2 3 6 10 9 4 5 3 4 6 8 8 5 6 5 10 10 8 9 4 9 5 7 3 10 7 4 5 3 6 5 7 6 5 4 3 5 5 10 10 5 8 3 3 5 10 10 4 2 3 1 6 10 10 2 3 3 2 5 10 10 4 2 5 8 6 10 10 3 5 
3998059 80 5 7 4 5 5 6 9 4 2 7 4 4 5 5 4 4 8 5 4 6 5 6 6 6 5 4 8 7 5 6 5 5 6 6 5 4 7 3 10 9 2 3 3 2 7 6 6 4 5 3 2 7 8 6 3 6 2 1 7 5 5 2 5 4 6 8 5 6 4 7 4 9 10 10 9 3 5 3 7 3 6 7 3 6 2 1 6 6 6 3 6 2 3 7 7 7 5 5 3 4 7 6 6 6 6 5 10 10 6 6 6 8 5 9 3 6 6 6 6 3 7 6 6 5 6 4 3 6 7 8 8 7 8 3 2 6 10 8 5 3 3 1 7 10 8 4 4 3 1 7 10 10 5 3 5 10 8 10 10 4 5 4 2 7 10 8 4 4 
3998059 81 3 5 3 6 4 3 5 3 3 7 5 5 7 7 3 4 7 5 4 7 6 3 6 8 4 5 7 2 3 8 3 4 5 4 8 4 8 6 9 9 4 5 3 6 7 4 5 4 10 3 7 8 4 5 3 3 4 7 9 5 7 5 4 4 7 2 5 7 4 7 3 8 10 4 4 8 4 4 5 1 4 6 10 10 4 7 1 5 6 1 8 4 7 6 5 5 10 10 4 7 2 4 5 9 5 3 6 3 3 5 7 4 3 6 10 3 4 9 7 3 6 10 4 4 10 7 5 10 5 4 6 9 9 3 7 1 5 6 10 5 2 4 1 5 7 5 2 2 3 10 5 5 4 1 2 1 4 4 4 1 1 2 5 10 5 3 6 3 
3998059 82 2 6 7 4 8 7 6 2 3 2 3 7 3 6 2 9 7 5 5 8 9 2 4 5 6 4 4 4 3 6 6 8 6 5 4 3 5 6 7 3 5 4 3 8 6 9 6 4 6 3 8 5 6 5 5 5 4 10 10 8 8 8 6 4 8 5 10 10 5 7 5 10 10 4 9 10 8 6 10 1 1 5 7 9 5 7 3 4 5 8 8 6 10 9 6 9 9 10 5 10 1 3 10 9 10 5 7 6 6 7 9 10 4 10 1 5 10 10 10 4 4 1 7 9 8 10 3 2 6 6 8 8 9 4 5 4 10 9 7 10 3 2 4 7 10 8 9 3 4 3 9 10 8 9 4 3 3 8 10 10 10 3 3 3 8 9 7 10 
3998059 83 2 3 5 4 3 4 5 4 9 9 9 9 8 4 5 6 3 6 7 4 9 4 4 5 3 5 4 4 4 5 6 5 5 5 4 6 6 5 5 5 8 7 5 6 4 6 7 5 5 4 6 3 10 10 1 2 3 4 5 8 7 3 5 3 4 5 10 8 2 6 2 4 5 7 6 1 4 4 6 6 6 8 3 7 4 7 8 10 10 2 5 3 6 3 10 10 2 6 2 3 5 8 8 1 6 2 4 5 10 9 4 5 3 5 6 8 8 5 6 5 10 10 8 9 5 9 5 8 3 10 7 5 5 3 6 5 8 7 5 4 3 6 5 10 10 5 8 3 4 5 10 10 4 2 3 2 6 10 10 2 3 3 3 5 10 10 4 2 
3998059 84 6 6 7 5 5 3 5 6 6 7 4 4 7 3 6 5 7 5 5 9 8 6 7 4 6 7 4 7 4 7 2 9 8 5 4 2 2 6 4 3 5 6 4 6 10 5 7 10 5 5 4 5 5 5 6 7 4 2 7 4 4 6 5 4 3 8 4 4 7 5 6 4 7 4 5 10 6 5 4 5 4 6 6 6 4 4 4 9 10 1 4 3 2 7 5 6 4 5 3 2 7 7 6 3 6 2 2 7 5 5 1 5 4 4 8 5 6 3 7 4 5 9 10 9 3 6 3 4 4 6 7 3 6 2 2 6 5 7 2 6 2 3 7 6 7 5 6 3 3 7 5 7 7 6 5 8 10 5 7 7 7 5 5 4 6 6 6 6 
3998059 85 4 8 3 9 9 4 3 2 3 5 4 3 4 6 4 7 8 6 7 9 5 5 6 4 5 6 5 9 4 4 6 4 5 5 5 4 5 7 5 4 6 5 6 5 6 5 5 8 7 5 5 5 5 6 5 6 4 5 4 9 10 1 3 3 4 6 5 6 4 5 3 4 6 7 7 3 6 2 4 6 5 5 2 5 4 5 7 5 6 3 8 4 6 7 10 10 2 6 3 6 4 6 8 2 6 2 3 6 5 7 2 6 2 4 6 6 7 4 6 3 5 6 6 7 5 7 5 9 9 5 7 5 9 5 6 4 6 6 5 6 3 6 6 5 6 5 5 3 5 6 8 9 6 8 3 4 6 10 9 5 3 3 3 6 10 9 3 4 
3998059 86 6 6 6 4 4 6 3 6 5 6 5 5 7 8 6 7 4 6 7 4 7 4 7 3 9 8 4 4 2 2 6 4 3 4 6 4 6 9 5 6 9 5 5 4 4 4 5 5 7 4 2 6 3 4 5 5 4 3 7 4 4 6 5 6 4 6 4 4 8 6 5 4 5 4 6 5 6 4 4 4 9 10 1 4 3 2 6 5 6 4 5 3 2 6 7 6 3 6 2 2 6 5 5 2 5 4 4 7 4 6 3 7 4 5 8 10 9 3 6 3 4 4 6 7 3 6 2 2 6 5 6 2 6 2 3 6 6 7 4 6 3 3 6 5 6 5 6 5 8 9 5 6 5 7 5 5 4 5 6 5 6 3 4 6 5 5 5 5 
3998059 87 6 5 6 5 5 7 8 6 7 4 6 7 4 7 4 7 3 9 8 4 3 2 2 6 4 2 4 5 4 6 9 5 6 9 4 5 5 5 4 5 5 7 4 3 6 3 4 5 4 4 3 7 4 4 6 4 6 4 6 4 4 8 6 5 4 5 4 5 5 5 4 4 4 9 10 2 3 3 3 6 5 5 4 4 3 3 6 7 6 3 5 2 2 6 5 5 2 4 4 4 7 4 6 3 6 4 5 8 10 9 3 4 3 4 5 6 7 3 5 2 2 6 5 6 2 5 2 3 7 6 7 5 5 3 4 7 5 6 5 5 5 9 10 5 6 5 7 5 5 5 5 5 5 5 3 5 6 5 5 5 4 3 4 6 7 8 6 6 
3998059 88 6 7 4 6 7 4 8 4 8 3 9 8 4 3 2 3 6 4 3 5 5 4 7 9 5 6 9 4 5 5 5 5 5 5 8 4 3 6 4 4 5 4 4 4 7 4 4 6 5 6 5 6 4 4 9 6 5 5 5 4 5 6 5 4 5 4 9 10 2 3 3 3 6 5 6 4 5 3 3 6 7 6 3 5 2 3 6 5 5 2 5 4 5 7 5 6 4 7 4 6 8 10 9 3 5 3 5 5 6 7 3 6 2 3 6 5 6 2 6 2 4 6 6 7 5 5 3 4 7 5 6 6 6 5 9 9 5 6 6 8 5 6 5 6 5 6 5 3 5 6 5 5 6 4 3 5 6 7 8 6 7 3 3 6 10 8 5 3 
3998059 89 3 3 6 6 4 7 6 3 3 6 6 4 7 6 3 5 7 4 5 7 2 3 7 2 4 5 4 6 4 8 5 9 9 4 5 3 6 6 4 5 4 8 3 6 8 5 5 3 3 4 7 9 5 7 5 4 4 7 1 5 7 3 6 3 7 10 5 4 8 4 4 5 1 4 6 10 9 4 7 1 5 6 1 7 4 7 6 5 5 10 8 4 7 1 4 5 9 5 3 5 1 4 5 7 3 3 5 10 3 4 9 6 3 6 10 4 4 10 6 5 10 4 4 6 10 8 3 7 1 5 6 10 4 2 3 1 5 6 5 2 2 3 10 5 5 4 1 2 1 3 5 4 1 1 2 5 10 6 2 6 3 2 2 8 6 2 1 1 
3998059 90 4 8 5 10 9 4 5 3 3 5 4 4 5 9 3 4 6 5 5 4 3 4 6 7 5 6 6 4 4 6 2 5 6 4 7 3 7 8 4 3 9 5 4 1 1 4 5 10 10 4 4 2 5 5 1 7 4 5 5 5 4 10 9 4 4 2 4 4 10 5 3 1 3 4 4 8 4 3 1 7 3 3 10 6 3 3 8 4 3 10 7 5 10 4 4 5 10 8 3 6 1 5 5 10 5 2 1 1 5 6 6 3 2 1 7 5 4 5 1 2 1 3 5 3 1 1 2 1 7 6 2 7 3 2 1 6 6 1 1 1 3 1 7 7 2 1 1 3 1 7 7 1 1 1 3 1 7 7 3 1 1 3 1 6 6 2 1 1 
3998059 91 3 5 6 4 4 4 7 3 5 6 5 5 4 3 4 7 7 9 7 5 4 4 7 3 7 8 4 6 3 7 8 5 3 6 4 4 2 3 4 6 9 8 4 6 3 8 5 1 6 4 6 6 9 4 8 8 4 6 4 3 5 7 5 3 3 4 1 4 6 4 3 3 7 1 3 7 6 3 5 7 1 2 9 6 5 10 5 4 6 7 7 3 7 1 7 6 9 4 2 1 2 8 7 5 3 2 1 7 8 4 4 2 2 1 4 5 3 1 1 2 2 7 10 1 5 3 2 1 6 10 1 1 1 3 1 7 10 1 2 1 3 1 7 10 1 2 1 3 1 7 10 2 1 2 3 1 6 10 1 1 1 4 4 9 10 4 5 2 
3998059 92 3 5 7 4 5 5 3 4 7 7 8 7 6 4 4 7 4 6 8 5 6 3 7 8 4 2 7 4 4 2 3 3 6 8 9 4 6 4 7 5 2 7 4 6 6 8 4 8 8 4 5 4 2 4 7 5 3 3 4 1 4 6 4 3 3 7 1 2 7 6 3 5 8 1 1 8 6 5 10 5 4 6 7 8 3 6 1 6 5 8 5 2 1 3 8 7 6 3 2 1 8 7 4 5 1 2 1 5 5 2 2 1 2 2 7 10 1 6 3 2 1 7 10 1 3 1 3 1 7 10 1 4 1 3 1 7 10 1 3 1 3 1 7 10 1 3 1 3 1 7 10 1 3 1 4 4 9 10 3 5 1 4 1 7 10 9 4 2 
3998059 93 4 6 7 7 7 5 3 4 7 4 6 8 5 5 3 7 8 3 2 6 3 4 2 3 3 6 8 8 4 5 4 7 5 2 6 4 6 6 7 4 7 7 4 5 4 2 4 6 4 3 3 4 1 4 6 3 3 3 8 1 2 6 5 3 4 8 1 1 8 5 5 10 5 3 6 7 7 3 6 1 5 5 8 4 2 1 3 7 7 5 2 2 1 8 6 4 5 1 2 1 5 4 2 2 1 2 2 8 10 1 5 2 2 1 7 10 1 3 1 3 1 7 10 1 3 1 3 1 7 10 1 3 1 3 1 7 10 1 2 1 3 1 7 10 1 3 1 4 4 10 10 3 5 1 4 1 7 10 9 3 1 5 10 10 6 5 9 1 
3998059 94 3 2 6 6 4 8 6 3 4 7 4 5 8 3 3 7 2 4 5 4 7 4 8 5 9 9 4 5 3 5 6 5 5 5 8 3 6 8 5 5 4 4 4 7 8 5 7 6 4 4 7 1 5 7 4 7 3 7 10 5 4 9 5 4 4 1 5 6 10 9 4 6 1 5 6 1 7 4 7 5 5 5 10 8 4 6 1 4 5 10 5 3 5 2 4 5 7 4 3 5 9 4 4 10 6 3 6 10 4 3 10 6 5 10 4 5 6 10 8 3 7 1 5 6 10 5 2 2 1 5 6 6 3 2 1 10 5 5 5 2 2 1 3 5 4 1 1 2 4 9 6 2 7 4 2 1 7 6 2 1 1 3 1 8 7 3 1 1 
3998059 95 3 2 6 4 4 9 3 3 7 2 4 5 5 7 4 8 5 9 9 4 6 3 4 6 5 4 5 9 3 5 7 5 5 4 4 4 6 7 5 6 6 5 4 7 1 5 7 4 7 3 7 10 5 3 10 5 4 1 1 5 5 10 9 4 5 1 5 5 1 7 4 6 5 5 4 10 9 4 5 1 4 5 10 6 3 3 2 4 4 8 4 3 3 8 4 3 10 6 3 4 9 4 3 10 7 5 10 4 5 5 10 8 3 6 1 5 5 10 5 2 1 1 5 6 7 3 2 1 9 5 4 5 2 2 1 3 5 3 1 2 2 1 8 6 1 7 4 2 1 7 6 1 1 1 3 1 8 7 2 1 1 3 1 8 7 1 1 1 
3998059 96 3 7 3 4 4 5 7 4 8 6 9 9 5 5 3 3 6 5 4 6 8 3 4 7 5 4 3 3 4 6 8 5 6 9 4 4 6 3 5 6 4 6 3 7 9 5 3 10 4 4 1 2 4 5 10 9 4 4 2 5 5 1 7 4 5 6 5 4 10 9 4 4 3 4 4 10 5 3 1 3 4 4 10 3 3 1 8 3 3 10 6 3 3 9 4 2 10 6 5 10 5 5 5 10 8 3 6 1 5 5 10 4 2 1 1 5 6 9 2 2 1 9 5 4 6 1 2 1 4 5 3 1 1 2 1 8 6 1 10 3 2 1 7 6 1 1 1 3 1 8 7 2 1 1 3 1 8 7 1 1 1 3 1 8 7 2 1 1 
3998059 97 4 7 5 6 9 4 5 3 7 9 5 3 6 3 4 2 4 4 6 8 8 4 6 4 7 6 2 6 4 6 7 8 5 7 7 4 5 5 3 5 6 4 3 3 5 1 4 5 2 3 3 8 1 2 6 5 3 5 9 2 1 7 5 5 10 6 4 6 6 7 3 6 1 6 6 7 3 2 1 3 8 7 5 1 2 1 9 7 4 5 1 2 1 5 5 3 1 1 2 2 8 10 1 5 2 2 1 8 10 1 2 1 3 1 8 10 1 3 1 3 1 8 10 1 3 1 3 1 8 10 2 2 1 3 1 8 10 1 3 1 4 4 10 10 4 5 1 4 1 7 10 10 3 1 5 10 10 7 6 9 1 6 5 5 1 1 4 2 
3998059 98 3 8 9 6 2 6 4 4 2 4 5 8 7 8 4 6 4 8 7 2 6 4 7 7 8 5 7 7 4 6 5 5 6 6 4 3 4 5 2 5 5 3 3 4 8 2 2 6 5 3 5 9 4 1 7 5 5 10 6 5 8 6 7 3 7 1 7 7 7 4 2 1 3 8 10 5 2 2 1 9 7 5 4 1 2 1 5 6 2 1 1 2 3 8 9 1 5 3 2 1 7 10 1 2 1 3 1 8 10 1 3 1 3 1 8 10 1 2 1 3 1 8 10 1 2 1 3 1 7 10 1 2 1 4 4 10 10 4 5 1 4 1 7 10 10 3 1 5 10 10 7 7 8 2 6 5 5 3 1 4 3 5 1 6 7 1 4 2 
3998059 99 4 3 4 6 8 7 8 4 7 4 8 7 2 6 4 8 7 8 5 7 7 4 7 5 5 6 6 4 3 4 5 4 5 5 3 3 4 9 3 2 6 5 3 6 9 5 1 7 5 5 10 6 6 8 6 7 3 8 1 7 7 7 4 2 1 3 8 9 5 2 2 1 9 7 5 4 1 2 1 6 6 3 1 1 2 3 9 9 1 5 2 2 1 8 10 1 2 1 3 1 8 10 1 3 1 3 1 9 10 1 2 1 3 1 9 10 1 2 1 3 1 8 10 1 2 1 4 5 10 10 4 4 1 4 2 8 10 10 3 1 5 10 10 7 7 8 1 6 6 5 4 1 4 2 5 1 6 7 1 4 2 6 4 10 10 6 5 4 
3998059 100 3 9 2 4 7 8 8 2 5 4 5 8 6 6 2 5 7 5 6 6 5 2 3 6 3 5 3 4 2 7 7 7 3 6 7 2 4 7 9 3 4 3 3 5 7 10 4 4 3 3 4 7 10 2 4 3 3 6 7 10 5 4 5 3 6 7 9 4 4 4 4 8 8 10 6 6 5 4 6 7 10 9 4 5 5 10 9 5 7 9 6 6 8 5 1 3 6 7 5 5 6 4 4 6 6 6 7 8 8 7 7 9 5 8 4 4 8 7 10 5 6 7 8 5 7 9 4 9 4 6 9 7 9 4 4 4 10 6 6 9 3 2 7 8 6 6 7 4 4 6 10 7 6 8 3 3 6 10 7 6 7 3 4 6 10 8 6 7 
3998059 101 2 6 2 4 9 7 7 2 6 7 4 7 7 6 2 3 4 3 6 3 5 2 9 7 6 4 8 8 2 4 6 7 3 4 3 3 6 7 9 5 5 4 3 4 7 8 2 4 4 3 7 7 10 5 4 6 3 8 6 7 4 4 5 4 10 9 9 6 7 5 4 8 6 10 10 5 6 5 10 10 4 8 10 7 6 10 4 1 4 7 8 5 7 5 4 4 7 8 6 9 8 6 7 8 10 5 10 2 4 9 8 10 5 7 6 7 6 8 10 4 10 1 5 10 9 10 4 3 2 8 7 8 10 3 1 7 7 6 7 8 4 4 5 10 7 6 9 3 2 5 8 8 7 8 3 4 5 10 9 8 8 4 3 5 9 10 9 10 
3998059 102 4 7 3 8 8 2 6 4 8 6 8 6 7 8 4 7 4 5 7 6 4 3 3 4 4 6 5 3 3 3 8 3 4 6 5 3 5 8 5 2 7 6 5 10 5 6 9 6 8 3 8 1 7 8 7 4 2 1 2 8 10 5 1 2 1 8 8 6 4 1 2 1 5 7 4 1 1 2 1 8 9 1 5 2 2 1 7 10 1 2 1 3 1 7 10 2 3 1 3 1 7 10 1 2 1 3 1 7 10 3 2 1 3 1 7 10 1 2 1 4 4 10 10 5 4 1 4 1 7 10 10 3 1 5 10 10 7 8 8 1 6 6 4 4 1 4 2 5 1 5 7 1 4 2 6 2 9 10 7 5 4 5 6 2 7 10 5 6 
3998059 103 4 5 6 9 6 7 8 4 5 3 6 6 5 4 3 4 4 4 6 3 3 3 4 8 3 4 5 5 3 5 8 5 3 8 6 5 9 5 7 8 6 7 3 6 1 8 8 8 4 2 2 2 9 9 1 2 2 2 8 8 6 1 1 2 1 4 7 4 1 1 2 3 8 10 1 2 2 2 1 7 10 1 1 1 3 2 7 10 2 1 1 3 1 7 10 1 1 1 3 3 7 10 3 1 1 3 3 7 10 1 1 1 4 4 10 10 5 1 1 4 3 6 10 10 1 1 5 8 10 8 7 10 1 6 5 4 4 1 1 2 5 2 5 8 1 1 2 6 4 10 10 7 3 4 5 5 2 8 10 3 5 5 3 7 10 4 4 4 
3998059 104 3 5 5 4 5 4 4 3 5 7 3 4 5 6 3 5 8 5 3 8 7 5 9 6 6 7 6 8 3 6 2 7 7 8 5 2 3 5 8 8 3 3 2 3 8 8 5 2 1 2 1 6 7 4 1 1 2 4 7 9 1 3 4 2 2 7 10 1 1 1 3 3 7 10 2 1 1 3 2 7 10 1 1 1 3 4 7 10 3 1 1 3 4 7 10 2 1 1 4 5 9 10 5 2 1 4 4 7 10 10 1 2 5 8 10 8 6 10 2 6 5 6 4 1 2 3 5 3 6 8 2 2 3 6 5 8 10 6 4 5 5 6 5 7 9 4 6 5 4 7 10 4 4 5 4 6 4 9 10 5 6 4 2 5 10 5 3 6 
3998059 105 4 5 5 6 6 5 5 3 4 5 4 5 3 3 3 4 7 3 4 5 6 3 5 7 5 3 8 6 5 9 6 7 8 5 9 3 6 2 8 7 8 4 2 2 4 9 9 1 2 2 2 7 9 6 1 1 2 1 6 8 4 1 1 2 3 7 10 1 2 2 2 1 7 10 1 1 1 3 2 7 10 2 1 1 3 1 7 10 1 1 1 3 3 7 10 3 1 1 3 3 7 10 1 1 1 4 4 9 10 5 1 1 4 3 7 10 10 1 1 5 8 10 9 7 10 1 6 5 6 4 1 1 2 5 2 6 9 1 1 2 6 4 8 10 7 3 5 5 5 4 8 10 3 6 5 3 7 10 4 4 5 4 5 4 10 10 5 5 
3998059 106 3 5 7 2 4 6 7 3 6 7 4 3 8 7 5 9 6 6 7 6 8 3 6 2 7 7 7 5 2 4 4 7 8 4 4 2 3 7 7 5 3 3 2 2 5 6 4 1 2 2 5 7 9 1 4 4 2 3 6 10 1 1 1 3 3 7 10 2 1 1 3 3 7 10 1 1 1 3 4 7 10 3 1 3 3 4 6 10 2 1 2 4 5 8 10 5 3 3 4 4 6 10 10 1 3 5 8 9 7 6 9 4 6 6 5 3 1 3 4 5 4 6 7 2 3 4 6 5 8 9 6 4 6 5 6 4 7 9 5 7 5 4 7 10 4 5 6 4 6 4 8 10 6 6 4 2 4 10 5 4 6 3 2 7 10 5 3 4 
3998059 107 5 9 6 3 7 7 9 3 7 2 5 7 8 6 2 5 4 6 8 5 5 2 4 7 6 6 5 4 2 3 6 4 4 2 3 2 5 7 9 2 6 5 2 4 7 10 1 3 2 3 4 7 10 3 4 3 3 4 7 10 1 3 3 3 5 7 10 4 3 4 3 5 7 10 3 3 3 4 6 9 10 5 5 4 4 5 7 10 9 4 4 5 8 10 6 6 9 5 6 6 6 1 2 5 5 5 5 6 5 3 5 5 6 6 8 10 6 6 7 5 6 4 5 8 6 8 5 5 7 10 5 6 7 4 7 4 8 9 7 7 4 3 5 10 6 6 7 3 3 7 10 5 5 5 4 4 6 10 6 5 6 3 3 6 10 7 5 5 
3998059 108 3 6 7 2 3 7 7 5 9 6 4 7 6 8 3 6 2 6 7 7 6 2 4 4 8 8 5 5 2 4 7 7 5 5 4 2 3 6 5 4 2 3 2 5 7 10 1 5 5 2 4 7 10 1 3 2 3 4 7 10 2 4 2 3 4 7 10 1 3 3 3 5 7 10 3 3 4 3 5 7 10 2 3 3 4 6 9 10 5 5 4 4 5 7 10 10 3 4 5 8 10 7 6 8 4 6 6 6 1 1 5 5 5 5 6 7 2 5 5 6 5 8 10 6 6 6 5 6 4 6 9 6 7 5 5 7 10 4 6 6 4 6 4 9 10 6 7 4 3 5 10 5 5 7 3 3 7 10 5 5 5 4 4 6 10 6 5 6 
3998059 109 1 5 5 5 6 9 4 1 9 9 3 3 3 3 3 5 3 5 5 5 6 2 4 4 5 4 5 7 2 4 6 7 6 5 6 3 5 5 9 9 7 7 4 6 4 7 7 6 6 2 4 4 4 2 1 5 1 3 5 4 2 2 2 1 4 6 5 2 5 4 2 5 6 4 4 6 2 2 4 5 4 3 5 8 2 4 5 5 4 4 5 4 6 6 5 5 1 1 6 6 6 3 1 3 1 5 6 3 3 1 4 1 3 6 5 5 5 10 10 2 6 4 3 3 10 5 2 6 5 3 4 10 4 4 7 6 3 3 10 10 4 7 5 4 4 10 10 4 10 8 4 4 10 10 6 7 3 4 4 3 9 3 6 3 3 1 6 1 
3998059 110 1 9 9 3 3 2 2 3 5 3 4 5 5 6 2 4 5 5 4 5 7 2 4 6 7 6 6 6 3 5 6 8 8 8 7 4 6 5 6 7 6 6 2 3 4 4 1 1 4 1 3 5 4 2 1 1 1 3 6 4 2 5 3 2 5 6 4 4 7 1 2 4 5 4 3 5 8 2 3 5 5 4 4 4 4 5 6 5 4 1 1 6 6 6 3 1 3 1 5 6 3 3 1 4 1 3 6 5 4 5 10 10 2 6 5 3 3 10 5 2 6 5 3 3 10 4 4 6 6 3 3 10 10 4 6 5 3 4 10 10 4 10 8 4 4 10 10 6 7 3 4 4 3 9 3 6 3 3 1 7 1 2 4 5 4 3 2 1 
3998059 111 1 3 5 5 4 3 3 1 5 5 6 7 9 5 1 9 9 3 3 4 4 3 6 3 5 6 6 7 2 5 5 6 4 6 8 2 5 6 9 8 6 7 3 6 6 10 10 7 8 4 6 4 9 9 6 7 2 4 4 4 1 3 6 1 4 5 5 1 3 3 1 4 6 5 2 6 5 2 5 6 5 4 7 3 2 4 5 5 3 6 9 2 4 5 7 4 5 6 4 6 6 6 5 1 3 6 6 6 3 1 4 2 5 7 3 3 1 5 1 3 6 5 5 6 10 10 2 6 5 3 4 10 6 2 6 5 3 4 10 5 4 7 6 4 3 10 10 4 7 5 4 4 10 10 4 10 8 5 5 10 10 6 7 3 5 4 4 10 
3998059 112 1 4 5 5 6 6 3 1 4 5 5 4 3 4 1 6 6 8 8 9 6 1 9 9 2 3 4 5 3 6 4 6 7 6 7 2 5 5 7 5 6 8 2 5 6 10 10 6 8 3 6 6 10 10 7 8 4 7 5 10 10 6 7 2 5 4 4 1 3 7 1 4 5 6 1 3 5 1 5 6 6 2 5 6 2 6 6 6 5 7 5 2 5 5 6 3 6 9 2 5 5 9 5 5 7 4 6 6 8 6 1 4 6 7 6 3 1 4 4 5 7 3 2 1 5 2 3 6 5 6 7 10 10 2 6 5 3 4 10 7 2 7 5 3 4 10 6 4 7 6 4 3 10 10 4 7 5 4 5 10 10 4 10 8 5 5 10 10 
3998059 113 1 5 5 3 3 9 8 1 4 5 6 6 5 2 1 4 5 6 5 4 4 1 6 6 8 8 6 6 1 9 9 4 4 4 5 3 6 4 7 7 5 8 2 5 5 7 5 5 8 2 5 6 10 9 5 8 3 6 6 10 10 6 8 4 7 5 10 10 5 8 2 5 4 5 1 4 7 1 4 5 6 1 4 5 1 5 6 7 3 5 6 2 6 6 6 5 5 5 2 5 5 7 4 5 9 2 5 5 9 5 5 7 4 6 6 8 6 3 4 6 6 6 5 1 4 4 5 7 3 4 1 5 2 3 6 5 7 7 9 10 2 6 5 4 4 10 7 2 7 5 4 5 9 6 4 7 6 5 4 9 10 4 7 5 5 5 7 10 
3998059 114 2 6 4 9 8 7 9 1 5 5 4 3 8 6 1 4 5 5 6 5 3 1 4 5 5 5 3 4 1 6 6 6 7 6 5 1 9 9 4 4 4 5 3 6 3 6 7 4 6 2 5 5 6 5 4 7 2 5 6 7 8 5 6 3 6 6 9 10 5 7 4 7 5 7 9 5 6 2 5 4 5 2 3 6 1 4 5 5 2 3 5 1 5 6 5 3 4 5 2 6 6 5 5 5 5 2 5 5 5 4 4 7 2 5 5 6 5 4 6 4 6 6 6 6 3 4 6 6 6 4 2 4 4 5 7 3 4 2 4 3 3 6 5 5 6 8 8 2 6 5 4 4 10 6 2 6 5 4 4 8 6 4 7 6 5 4 8 9 
3998059 115 1 8 9 8 9 7 7 2 7 3 8 7 7 8 1 5 5 3 3 8 6 1 3 5 4 5 4 3 1 3 5 4 4 3 4 1 6 7 5 6 5 5 1 10 10 4 3 3 4 3 7 2 5 5 4 6 2 5 5 5 4 4 6 2 5 7 6 6 4 6 3 6 7 8 9 4 6 4 8 5 6 7 4 6 2 5 3 4 2 3 5 1 4 5 5 2 3 4 1 5 7 5 3 4 5 2 6 8 5 4 4 4 2 5 6 5 3 4 7 2 5 6 5 4 3 5 4 7 9 5 5 2 4 6 8 7 4 2 3 4 5 8 1 4 2 3 3 3 7 5 5 5 8 7 2 7 5 4 4 9 5 2 8 6 4 4 8 5 
3998059 116 2 7 3 4 3 9 9 1 7 9 8 8 6 5 2 7 4 8 7 5 6 1 5 5 4 4 6 5 1 3 6 5 5 4 4 1 3 6 5 5 3 4 1 6 7 5 6 4 4 1 10 10 4 4 3 4 3 6 3 5 6 4 5 2 5 6 5 5 4 5 2 5 8 7 7 4 5 3 6 7 8 8 4 5 4 7 5 7 7 4 5 2 4 4 5 3 3 5 1 4 6 5 3 3 4 1 4 8 5 4 4 4 2 6 8 5 5 4 4 2 5 6 5 4 4 5 2 5 7 6 5 4 5 4 6 9 6 6 3 4 6 7 8 4 3 3 4 5 7 3 4 3 4 3 3 7 6 5 6 6 5 2 7 5 4 5 7 5 
3998828 0 4 4 4 8 9 5 5 4 4 4 6 7 3 3 4 6 9 7 6 8 3 4 5 4 5 4 6 8 5 5 6 3 4 3 6 5 9 6 4 4 8 8 5 10 5 1 2 7 6 5 10 1 10 10 10 1 5 10 10 10 1 10 7 5 1 5 8 10 10 10 5 1 7 7 10 10 10 5 1 6 6 10 10 10 5 3 3 6 3 10 7 5 1 6 1 10 10 1 5 1 4 1 9 10 1 5 1 6 2 7 10 1 5 10 10 10 10 10 1 6 10 8 10 10 10 1 6 1 5 10 1 10 1 6 1 6 10 7 10 1 6 1 6 10 1 10 1 6 1 6 10 1 10 2 6 4 5 7 1 10 1 6 8 5 8 1 10 2 
3998828 1 4 4 4 7 8 3 3 4 5 9 8 7 7 3 4 4 4 6 6 5 8 5 4 6 4 5 3 6 5 7 6 5 5 7 8 5 9 4 2 3 7 6 5 10 1 10 10 10 1 5 8 10 10 1 10 7 5 1 5 9 10 10 10 5 1 7 8 10 10 10 5 1 6 7 10 10 10 5 3 2 7 4 10 7 5 1 6 1 10 10 1 5 1 4 3 10 10 1 5 1 5 3 8 10 1 5 10 10 10 10 10 1 6 10 8 10 10 10 1 6 1 5 10 1 10 1 6 1 6 10 9 10 1 6 1 6 10 1 10 1 6 1 5 10 1 10 2 6 3 5 8 1 10 1 6 6 5 9 1 10 2 6 1 4 10 1 10 3 
3998828 2 4 5 7 6 5 5 4 4 5 5 5 5 4 7 5 5 6 4 5 3 6 5 5 6 5 5 5 7 5 5 6 4 4 5 6 5 10 2 9 10 9 2 5 5 8 10 3 9 7 5 3 6 7 10 8 10 5 4 7 6 9 9 10 5 4 6 6 10 10 10 5 4 5 6 5 10 7 5 4 6 3 6 10 1 5 4 6 4 6 10 1 5 4 6 4 5 10 2 5 6 8 10 10 10 1 6 6 7 10 10 10 1 6 4 6 10 1 10 1 6 3 6 8 5 10 1 6 4 6 7 4 10 2 6 4 6 8 3 10 3 6 4 6 6 3 10 2 6 5 6 7 2 10 3 6 4 6 9 2 10 4 6 4 6 7 3 10 2 
3998828 3 4 4 5 5 5 4 7 5 4 6 4 5 3 6 5 5 6 4 5 5 7 5 5 6 4 5 5 5 5 10 2 7 9 8 2 5 5 8 9 4 8 7 5 3 6 6 10 7 10 5 3 6 5 9 8 10 5 4 6 5 10 9 10 5 4 5 5 5 9 6 5 4 6 3 6 10 1 5 4 6 4 6 10 1 5 4 6 4 6 10 1 5 6 8 10 10 10 1 6 6 7 10 10 10 1 6 4 6 10 1 10 1 6 3 6 6 6 10 1 6 3 6 6 4 10 2 6 4 6 6 4 10 3 6 4 6 5 3 10 2 6 5 6 6 3 10 3 6 4 6 7 3 10 4 6 4 6 6 3 10 1 6 4 6 7 3 10 1 
3998828 4 5 5 6 4 4 3 5 5 5 6 4 4 4 6 5 5 6 4 4 4 5 5 9 2 7 8 7 2 5 5 8 9 4 8 6 5 4 6 5 8 7 8 5 4 6 5 8 7 9 5 4 6 5 8 9 10 5 5 5 5 4 8 6 5 4 6 3 5 10 1 5 4 5 4 5 10 1 5 5 6 4 5 10 2 5 6 7 10 10 10 1 6 6 7 10 10 10 1 6 4 6 10 2 10 1 6 3 6 6 5 10 1 6 4 6 6 4 10 2 6 4 6 6 4 10 3 6 5 6 5 3 10 2 6 5 6 5 3 10 3 6 5 6 7 3 10 4 6 4 6 6 3 10 2 6 4 6 6 3 10 1 8 9 9 10 5 7 1 
3998828 5 5 5 6 4 4 3 6 5 5 6 3 4 3 5 5 9 2 7 7 7 2 5 5 8 9 3 7 5 5 4 6 5 8 6 7 5 4 6 5 7 7 8 5 4 6 5 8 9 9 5 5 5 5 4 8 5 5 5 6 3 5 10 1 5 4 5 3 5 10 1 5 5 6 3 4 10 2 5 6 7 10 10 10 1 6 6 7 10 9 10 1 6 4 6 10 1 10 1 6 4 6 6 4 10 1 6 4 6 6 3 10 2 6 5 6 6 3 10 3 6 5 6 5 3 10 2 6 5 6 5 3 10 3 6 5 6 6 2 10 3 6 5 6 5 3 10 2 6 4 6 6 3 10 1 8 9 9 10 5 7 1 7 6 5 5 2 1 4 
3998828 6 5 5 6 3 3 2 4 5 9 2 7 7 6 2 5 5 8 9 3 6 5 5 4 6 5 7 5 7 5 4 6 5 7 6 7 5 4 6 4 7 8 8 5 5 5 4 3 8 5 5 5 6 3 4 10 2 5 5 5 3 4 10 1 5 5 6 3 4 10 2 5 7 7 10 10 10 1 6 7 7 10 8 10 1 6 5 6 10 1 10 1 6 4 6 6 4 10 1 6 4 6 6 3 10 2 6 5 6 6 3 10 3 6 5 6 5 2 10 2 6 5 6 5 2 10 3 6 5 6 6 2 10 3 6 5 6 5 2 10 2 6 4 6 6 2 10 1 8 9 9 10 4 6 1 7 6 5 5 2 1 4 8 8 6 5 5 10 6 
3998828 7 5 9 2 7 7 5 2 5 5 8 9 3 5 5 5 4 6 5 7 3 7 5 4 6 4 7 5 7 5 4 6 4 7 8 8 5 5 5 4 3 8 5 5 5 6 2 4 10 1 5 5 6 2 4 10 1 5 5 6 3 4 10 2 5 7 8 10 10 10 1 6 7 7 10 8 10 1 6 5 6 10 1 10 1 6 4 6 6 4 10 1 6 4 6 5 3 10 2 6 5 6 6 2 10 3 6 5 6 4 2 10 2 6 5 6 5 2 10 3 6 5 6 6 2 10 3 6 5 6 5 2 10 2 6 4 6 6 2 10 1 8 9 9 10 4 5 1 7 6 5 5 2 1 4 8 8 6 4 5 10 6 8 8 8 5 4 10 4 
3998828 8 5 9 9 9 3 5 5 5 4 4 6 7 4 7 5 4 6 5 7 4 7 5 4 6 5 8 5 7 5 7 3 5 4 5 5 5 6 5 3 5 9 2 5 6 4 4 4 10 2 5 7 5 4 4 10 2 5 10 8 10 10 10 1 6 10 7 10 9 9 1 6 5 5 10 1 8 1 6 2 5 6 4 9 1 6 4 5 6 3 10 3 6 6 5 6 3 10 3 6 7 5 5 2 10 3 6 8 5 6 2 10 3 6 7 4 7 2 10 4 6 6 5 6 2 10 2 6 4 5 7 3 10 1 8 10 10 10 5 4 1 7 10 2 5 2 1 4 8 10 6 5 5 8 6 8 10 9 5 4 8 4 8 10 3 3 4 4 6 
3998828 9 4 9 8 10 10 3 8 4 6 2 5 5 5 6 4 5 6 5 5 5 6 5 4 6 5 5 4 5 5 4 6 5 5 8 7 5 4 5 5 5 8 2 4 5 6 5 5 6 1 4 5 6 5 5 9 2 4 4 6 5 5 6 8 4 4 7 5 5 9 9 5 5 4 5 5 5 9 5 5 6 5 5 6 1 5 5 6 5 5 9 5 5 5 6 5 5 9 8 5 8 10 5 5 7 5 5 5 6 5 5 6 5 5 6 8 5 5 9 9 6 10 10 5 5 5 1 7 6 9 5 5 3 3 6 4 4 5 5 2 3 6 2 6 5 5 2 4 6 2 4 5 5 1 4 6 2 6 5 5 2 5 6 2 6 5 5 2 5 
3998828 10 4 9 1 3 8 5 7 4 5 6 4 6 4 7 5 4 7 7 2 3 6 5 4 6 4 5 8 7 5 4 6 6 5 7 4 4 7 7 9 7 6 2 4 6 6 5 4 9 4 4 4 6 5 2 5 8 4 4 8 5 4 10 9 5 6 4 10 10 5 9 5 5 7 5 3 6 2 5 6 7 5 5 9 6 5 6 6 6 5 9 8 5 10 10 10 10 7 6 5 6 6 6 3 6 6 5 9 8 6 4 10 9 6 10 10 9 10 4 1 7 10 9 10 10 2 5 6 4 4 10 10 1 5 6 1 7 7 1 1 5 6 1 4 7 1 1 6 6 1 6 6 1 1 6 6 1 6 7 1 1 6 6 1 5 10 8 1 4 
3998828 11 4 5 6 4 7 4 7 5 4 7 6 3 3 6 5 5 7 4 6 7 8 5 4 2 6 5 7 4 4 9 7 9 8 5 3 4 7 4 4 5 8 4 4 4 5 4 2 5 9 4 4 10 5 5 8 10 5 7 1 10 10 4 10 5 5 8 4 4 5 3 5 7 7 4 5 8 7 5 6 6 5 6 8 9 5 10 10 10 10 6 6 5 8 3 6 4 5 6 5 10 10 5 4 8 10 6 10 10 9 10 4 2 7 10 10 10 10 2 5 6 3 1 10 10 1 5 6 1 8 7 1 1 6 6 1 1 7 1 1 6 6 1 4 6 1 1 6 6 1 3 7 1 1 7 6 1 1 10 9 1 4 6 1 2 6 8 1 6 
3998828 12 5 3 5 8 7 3 7 5 4 8 7 7 4 7 5 4 7 6 8 5 8 5 9 2 6 3 5 5 5 7 7 3 4 8 3 5 6 4 4 4 8 3 5 8 6 4 4 10 3 5 10 10 10 10 10 2 6 10 9 10 9 8 2 6 6 5 10 1 7 2 6 2 6 9 4 7 3 6 4 6 8 2 9 4 6 8 6 9 2 10 4 6 9 5 7 2 10 4 6 10 6 7 1 10 4 6 8 5 10 1 10 4 6 7 6 8 2 10 4 6 4 6 10 2 9 3 8 10 10 10 4 4 2 7 10 1 7 1 1 5 8 10 7 7 5 7 6 8 10 10 7 4 7 5 8 10 2 2 3 4 7 9 10 10 10 10 9 1 
3998828 13 6 5 4 8 3 5 6 5 3 5 8 8 4 8 5 4 6 4 5 4 7 5 8 3 4 7 9 4 5 4 6 4 6 6 5 6 8 9 5 3 5 3 6 8 7 4 5 5 1 7 10 8 7 5 10 3 7 9 5 5 6 10 1 8 10 8 7 9 10 2 8 10 5 6 8 10 9 8 10 5 7 4 10 1 8 10 10 10 10 10 6 8 10 1 4 9 10 4 7 4 5 7 9 10 4 7 4 5 10 10 10 1 7 3 5 10 7 10 1 7 6 7 10 10 10 2 7 9 7 7 9 10 5 8 10 5 5 5 10 2 8 10 10 5 2 10 5 9 10 8 7 1 10 6 9 10 8 5 3 10 1 9 10 5 5 5 10 10 
3998828 14 5 3 5 10 8 4 8 5 4 5 4 5 4 8 5 7 2 5 7 9 5 5 4 6 4 6 6 6 6 7 8 5 2 5 4 6 7 6 5 5 5 3 7 10 8 8 5 10 4 7 8 5 6 6 10 1 8 10 8 8 10 10 3 8 10 5 7 8 10 9 8 10 5 8 3 10 3 8 10 10 10 10 10 7 8 10 1 5 10 10 5 7 4 5 8 9 10 5 7 4 4 10 10 10 2 7 3 4 10 7 10 3 7 5 7 10 10 10 4 7 8 6 8 9 10 6 8 10 4 6 4 10 3 8 10 10 6 1 10 6 9 10 8 8 1 10 6 9 10 8 6 2 10 1 9 10 5 6 4 10 9 8 10 5 9 9 10 10 
3998828 15 5 3 5 4 5 4 9 5 6 2 5 8 6 5 5 4 6 4 7 5 7 6 6 8 6 2 4 5 6 6 6 5 5 4 3 7 9 7 9 5 9 5 7 6 4 7 6 9 1 8 8 7 10 10 10 4 8 8 4 9 8 10 10 8 7 4 9 4 10 3 8 10 10 10 10 10 7 8 10 1 5 10 10 6 7 3 4 10 10 7 6 7 4 4 10 10 8 2 7 3 4 10 8 9 3 7 4 6 10 10 10 4 7 6 6 10 10 10 7 8 8 4 6 5 10 4 8 10 9 6 1 10 6 9 10 7 10 1 10 7 9 10 7 6 2 10 1 9 10 4 7 5 10 10 8 9 4 10 10 10 10 8 10 1 7 10 10 10 
3998828 16 5 3 7 8 8 4 8 5 3 7 7 8 4 8 5 8 2 7 4 4 6 5 6 6 3 5 6 4 5 6 4 4 4 6 4 5 7 6 4 4 9 4 5 10 10 10 10 7 3 6 10 9 10 10 6 3 6 5 5 10 1 5 3 6 1 6 10 4 6 3 6 3 6 9 3 6 4 6 7 6 10 2 7 5 6 8 5 8 2 8 4 6 9 6 8 2 8 5 6 7 5 10 2 8 5 6 7 6 9 2 7 4 6 3 6 10 2 6 3 8 10 10 10 5 4 3 7 10 1 8 1 1 5 8 10 7 8 5 5 7 8 10 10 8 5 5 5 8 10 2 2 4 4 7 9 10 10 10 10 6 1 8 6 5 9 2 6 1 
3998828 17 9 7 8 7 7 6 4 9 8 4 5 6 8 8 9 5 7 4 3 7 6 9 3 6 5 5 4 8 9 7 6 9 4 6 3 7 4 2 3 8 2 5 6 1 4 10 1 2 1 5 1 6 10 7 2 3 5 1 6 1 4 2 3 5 1 4 2 6 4 1 5 1 7 1 5 3 1 6 1 8 2 1 2 1 6 1 7 1 4 2 1 7 7 8 8 4 8 1 7 2 6 4 5 7 1 8 5 8 9 9 10 1 8 6 6 7 6 10 5 8 4 5 8 2 9 1 8 10 10 10 10 10 1 8 10 1 1 9 9 1 7 1 5 9 8 5 1 7 1 5 10 10 6 1 7 1 5 10 6 8 1 7 1 7 10 10 9 1 
3998828 18 9 8 4 4 7 8 7 9 6 8 4 4 7 6 9 5 7 5 6 5 7 9 7 7 7 5 6 4 7 5 3 4 8 3 6 6 2 5 9 3 3 2 5 1 6 9 7 3 4 5 1 7 2 5 3 4 5 4 4 3 7 5 1 5 1 7 2 6 4 2 6 4 10 3 3 3 1 6 4 8 2 5 3 1 7 7 9 7 5 8 1 7 4 6 4 6 8 1 8 6 9 7 9 10 1 8 7 6 6 7 10 5 8 6 6 6 4 9 1 8 10 10 10 10 10 2 8 10 1 2 9 9 1 7 1 6 7 8 6 1 7 2 6 10 10 7 1 7 1 6 10 6 8 1 7 2 8 10 10 9 1 7 5 8 7 8 10 1 
3998828 19 7 9 3 5 8 5 8 6 5 5 8 2 5 5 5 4 7 8 7 4 6 5 4 7 4 5 4 6 5 7 4 4 6 9 2 5 4 8 4 5 6 4 6 7 10 5 3 5 2 6 7 8 4 5 5 1 7 10 10 7 5 10 2 7 8 7 5 5 10 1 8 10 9 7 8 10 1 8 10 7 6 6 10 8 8 9 6 7 3 10 1 8 10 10 10 10 10 5 8 10 1 4 8 10 3 7 4 6 7 8 10 3 7 4 6 10 10 10 1 7 3 6 10 6 10 1 7 5 8 10 10 10 1 7 8 8 7 7 10 4 8 9 6 5 4 10 1 8 10 10 5 2 10 4 9 10 10 7 1 10 5 9 10 10 5 3 10 1 
3998828 20 5 4 6 5 6 4 9 5 6 3 5 4 4 7 5 5 6 5 5 5 4 5 5 4 5 5 5 4 5 5 5 5 4 9 5 5 9 9 10 9 7 4 6 10 7 6 6 5 4 6 4 5 7 3 5 3 6 3 5 5 4 5 4 6 4 6 5 4 6 5 6 5 5 5 4 7 5 6 6 5 5 4 7 5 6 6 5 5 4 8 5 6 5 5 5 4 7 6 6 5 5 5 4 7 5 6 4 5 5 4 6 4 8 10 10 6 5 3 4 7 8 2 5 3 1 6 8 10 6 5 5 5 7 8 10 10 5 5 5 6 8 10 3 4 4 3 8 9 10 9 9 9 6 2 8 5 5 5 4 5 1 9 10 10 9 7 5 2 
3998828 21 6 6 7 6 4 7 5 6 9 2 9 3 8 8 6 5 8 5 8 6 6 6 4 6 5 8 4 6 7 4 6 3 5 4 5 6 4 5 4 5 3 2 7 5 7 5 1 3 2 7 6 8 2 7 3 1 6 7 2 2 10 3 1 6 5 8 7 10 3 1 6 8 2 10 7 6 4 6 8 2 10 10 1 1 6 4 5 2 7 3 4 6 4 6 10 10 5 4 6 5 8 2 7 4 1 7 6 8 1 2 1 1 6 5 4 5 10 2 1 7 6 9 3 10 5 1 8 6 7 8 10 10 5 8 6 6 7 9 9 4 8 7 7 3 5 10 1 9 8 8 10 10 10 1 9 8 3 7 10 10 1 9 7 7 7 3 10 1 
3998828 22 6 10 2 9 4 9 8 6 5 8 5 8 7 6 6 5 6 5 8 5 7 7 4 5 3 5 5 6 6 4 5 4 6 4 3 7 5 7 5 2 4 3 7 6 8 2 7 4 1 6 7 2 2 10 3 2 6 5 8 8 10 3 2 6 8 2 10 7 7 5 6 8 2 10 10 1 3 6 4 5 3 7 4 5 6 4 6 10 10 6 5 6 5 8 2 7 4 1 7 6 8 1 3 2 1 6 5 4 5 10 3 1 7 6 9 3 10 5 2 8 6 7 9 9 10 5 8 6 6 8 8 9 5 8 7 6 3 5 10 1 9 8 8 10 10 10 1 9 8 3 7 9 10 1 9 7 7 7 4 10 1 9 6 6 8 7 10 1 
3998828 23 6 6 8 7 7 9 7 6 4 4 7 7 6 8 7 3 4 4 5 6 7 6 4 3 6 5 4 5 7 6 6 7 2 5 5 7 9 8 2 7 4 2 6 10 1 3 10 3 3 6 7 7 10 10 3 4 6 10 1 10 7 10 6 6 10 1 10 10 1 4 6 2 3 3 6 4 6 6 2 5 10 10 7 6 6 5 7 2 6 5 3 7 10 8 1 3 1 2 6 6 2 7 9 3 3 7 10 10 4 9 7 3 8 10 6 10 8 10 6 8 10 5 10 8 10 6 8 10 5 4 5 10 1 9 10 8 10 10 10 1 9 10 1 10 9 10 1 9 10 6 9 4 10 1 9 10 5 10 6 10 1 9 10 4 10 5 10 1 
3998828 24 6 6 4 4 5 5 3 6 5 8 5 5 5 4 6 8 4 6 4 8 8 6 7 4 9 9 2 4 6 3 6 4 4 5 7 6 3 7 5 5 7 7 6 4 8 4 4 6 2 7 6 9 4 3 3 1 6 5 6 4 5 5 3 7 6 10 4 5 7 3 8 6 8 5 4 10 8 8 6 7 5 4 10 7 8 6 7 4 4 10 1 9 7 9 5 5 10 1 9 7 5 5 4 10 1 9 6 8 5 3 10 1 9 6 7 5 4 10 1 9 7 7 5 4 10 1 7 6 3 4 5 10 1 6 4 5 6 2 10 1 5 3 7 6 5 9 1 5 4 7 4 4 9 1 5 5 5 4 4 10 1 5 4 7 4 4 10 1 
3998828 25 7 4 8 3 7 2 6 8 3 6 7 6 6 8 8 5 5 6 5 4 8 8 5 5 3 2 7 4 9 8 7 8 7 6 3 9 8 2 6 6 8 4 9 5 6 6 1 7 4 9 4 5 6 3 5 4 9 7 5 9 2 6 3 7 4 1 5 10 4 3 6 1 3 10 1 4 2 5 1 4 10 7 3 3 5 1 5 2 2 3 3 5 2 2 3 6 5 1 5 1 5 2 4 4 2 6 2 7 4 1 4 1 6 2 5 3 2 4 1 7 7 7 9 2 8 1 7 3 4 5 3 7 1 8 6 7 9 10 9 1 8 6 4 8 6 10 3 8 5 4 8 1 8 1 8 10 10 10 10 10 2 8 10 1 3 10 8 1 
3998828 26 8 3 6 7 7 5 8 8 4 5 6 6 2 8 8 5 6 2 3 7 5 9 8 8 8 8 5 3 9 8 2 5 7 8 5 9 5 6 5 3 7 4 9 3 5 6 5 4 5 9 7 5 10 4 5 3 7 4 1 4 9 2 4 6 1 2 10 1 2 3 5 1 5 10 7 1 3 5 1 5 1 3 1 3 5 2 2 2 7 3 1 5 1 6 1 5 2 2 6 2 8 3 1 1 1 6 1 6 1 3 1 1 7 7 8 9 3 8 1 7 3 4 5 5 7 1 8 5 8 10 10 10 1 8 6 4 8 7 10 4 8 4 4 9 1 8 1 8 10 10 10 10 10 2 8 10 1 2 10 9 2 7 1 4 10 9 5 2 
3998828 27 8 4 5 6 6 3 9 8 5 6 2 4 7 5 9 8 8 8 8 5 4 9 8 2 6 7 8 5 9 5 6 5 3 7 5 9 3 5 6 5 4 5 9 7 5 10 4 6 3 7 4 1 4 10 2 4 6 1 3 10 1 2 2 5 1 5 10 7 2 3 5 1 5 1 4 1 3 5 1 2 2 7 4 1 5 1 6 1 5 2 2 6 1 9 3 1 2 1 6 1 6 1 4 2 1 7 7 8 9 4 8 1 7 2 5 5 5 7 1 8 5 8 10 10 10 1 8 6 5 8 7 10 4 8 4 4 9 2 8 1 8 10 10 10 10 10 2 8 10 1 2 10 9 1 7 1 4 10 9 5 1 7 1 4 10 10 6 1 
3998828 28 8 4 6 2 4 7 7 9 7 8 7 8 4 4 9 7 2 5 7 8 7 9 4 6 5 3 7 6 9 3 5 6 5 2 7 9 7 5 8 4 5 3 7 4 1 4 10 1 5 6 1 3 10 1 1 1 5 1 5 10 8 1 3 5 1 5 1 4 1 2 5 1 2 3 7 2 1 5 1 6 2 6 1 1 6 1 9 3 1 1 1 6 1 6 2 4 1 1 7 7 8 8 4 8 1 7 2 5 4 5 7 1 8 5 8 8 10 10 1 8 6 5 7 8 10 4 8 4 5 7 2 9 1 8 10 10 10 10 10 1 8 10 1 2 10 9 1 7 1 4 8 10 4 1 7 1 4 10 10 6 1 7 1 4 10 7 7 1 
3998828 29 9 7 7 4 4 8 7 9 6 7 4 6 6 8 9 8 6 6 5 7 4 7 6 2 3 8 4 6 6 4 4 8 3 4 3 5 3 6 8 7 4 4 5 3 6 2 5 3 4 5 5 4 2 7 5 1 5 3 7 2 6 4 2 6 5 9 3 3 4 1 6 5 7 2 5 4 1 7 8 9 6 5 9 1 7 6 6 4 6 9 1 8 7 9 6 9 10 1 8 7 6 5 7 10 6 8 6 6 6 4 10 1 8 10 10 10 10 10 3 8 10 1 2 9 10 1 7 3 6 6 8 7 1 7 3 5 10 10 8 1 7 2 6 10 6 9 1 7 4 8 10 10 10 1 7 6 7 6 8 10 2 8 7 6 3 5 10 1 
3998828 30 9 6 7 5 6 7 9 9 8 7 6 5 9 5 7 7 2 4 8 5 7 6 4 4 8 2 5 3 5 3 6 8 7 4 5 5 4 7 3 5 4 5 5 6 4 3 7 6 1 5 4 8 3 6 5 2 6 6 10 4 3 5 1 6 6 8 3 5 5 1 7 8 10 6 5 10 1 7 6 6 4 5 10 1 8 7 9 6 9 10 1 8 8 6 6 7 10 6 8 7 6 6 4 10 1 8 10 10 10 10 10 3 8 10 1 3 9 10 1 7 4 6 6 8 8 1 7 4 5 10 10 10 1 7 3 6 10 6 10 1 7 5 8 10 10 10 1 7 6 8 7 8 10 2 8 7 6 4 4 10 1 8 10 10 4 2 10 1 
3998828 31 5 5 2 5 8 5 7 5 3 6 4 6 4 8 6 5 8 5 2 4 6 6 5 6 4 5 4 4 7 9 7 9 5 8 6 7 6 4 6 6 8 2 8 8 7 10 10 10 5 8 8 4 8 8 10 10 8 7 4 9 3 9 4 8 10 10 10 10 10 9 8 10 1 5 10 9 7 7 2 4 9 10 6 7 7 3 4 10 10 7 4 7 2 4 10 7 8 4 7 4 6 10 10 9 5 7 6 6 10 10 10 8 8 8 4 6 5 10 5 8 10 9 6 1 10 7 9 10 7 9 1 10 8 9 10 7 6 2 10 2 9 10 5 7 5 10 10 8 9 5 10 10 10 10 8 10 1 6 10 9 10 6 6 4 10 10 9 10 
3998828 32 5 3 4 3 6 4 9 6 5 8 5 3 4 6 6 5 5 4 5 4 4 7 8 7 8 5 7 6 7 5 3 5 6 7 3 8 7 7 8 9 8 5 8 8 3 7 7 9 10 8 7 2 7 4 7 5 8 10 10 10 10 9 9 8 10 1 4 9 8 8 7 2 2 8 8 5 8 7 3 1 10 10 6 4 7 2 2 10 6 7 5 7 3 5 10 10 8 6 7 6 5 8 8 8 8 8 7 2 5 5 8 5 8 10 9 5 2 10 8 9 10 7 8 1 10 9 9 10 7 5 3 10 2 9 10 3 6 5 10 10 8 9 3 9 9 9 10 8 10 1 5 8 7 10 6 6 1 9 10 8 10 6 7 1 8 5 10 10 
3998828 33 6 4 8 4 3 3 6 6 3 5 3 5 3 4 7 8 7 7 5 6 6 7 4 3 5 5 6 3 8 7 7 8 9 7 5 8 7 3 7 7 8 9 8 6 3 7 4 6 5 8 10 10 10 10 8 7 8 10 1 3 9 7 7 7 1 3 8 8 5 7 7 1 2 10 10 5 4 7 1 3 10 6 6 5 7 2 6 10 10 7 5 7 5 5 8 8 7 7 8 6 3 4 4 7 5 8 10 9 5 2 10 7 9 10 7 7 1 10 7 9 10 7 4 3 10 3 9 10 3 5 4 9 10 8 9 3 9 8 8 10 8 10 1 5 8 6 10 6 5 2 9 10 7 10 6 7 1 8 5 9 10 5 7 3 8 3 10 10 
3998828 34 4 5 3 10 9 4 6 4 3 5 5 4 6 3 4 6 8 5 6 5 5 7 9 8 5 4 7 3 6 5 4 5 5 8 8 6 5 5 5 5 3 8 6 10 1 5 7 10 7 5 4 2 5 4 1 3 5 4 6 5 4 1 7 5 3 4 5 4 5 8 5 3 4 5 4 4 10 5 4 4 5 4 2 8 5 3 4 5 4 1 9 5 4 4 5 4 3 9 6 4 5 5 4 1 8 6 4 5 5 4 5 8 6 3 4 5 4 2 7 5 5 2 5 3 3 7 6 10 10 5 4 1 5 7 8 1 4 4 1 10 7 6 4 4 4 1 10 7 6 5 4 4 1 10 7 5 5 5 4 1 10 7 6 4 5 5 1 6 
3998828 35 7 6 5 5 9 7 9 6 5 7 6 4 6 4 6 9 2 9 3 8 6 6 5 8 5 6 5 4 6 4 6 5 6 3 5 7 4 6 3 4 3 4 6 4 5 4 5 2 2 7 5 7 5 1 2 2 7 5 8 2 6 2 1 6 6 2 2 10 2 1 6 5 8 7 10 1 1 6 8 2 10 6 6 3 6 8 2 10 10 1 1 6 3 5 2 6 2 3 6 3 6 10 10 4 3 6 4 8 1 6 3 1 7 6 8 1 2 1 1 6 5 4 5 9 1 1 7 6 9 3 8 4 1 8 6 7 8 8 10 4 8 6 6 7 7 8 3 8 6 7 3 4 10 1 9 7 9 10 9 10 1 9 7 3 7 8 10 1 
3998828 36 7 3 7 5 3 6 6 7 5 8 4 4 6 3 6 6 4 4 6 5 4 6 4 7 5 6 5 5 6 8 4 6 5 9 9 6 7 4 9 9 2 6 6 2 6 4 4 6 8 6 2 6 5 5 7 9 6 3 7 4 4 6 4 7 5 8 4 4 4 2 6 3 5 5 5 5 4 7 5 8 4 5 7 4 8 5 7 5 5 10 9 8 5 6 5 5 10 9 8 6 7 4 4 10 1 9 7 8 5 5 10 1 9 7 4 5 5 10 1 9 6 7 5 4 10 1 9 5 6 5 4 10 1 9 7 6 6 4 10 1 7 5 3 5 6 10 1 6 3 5 6 3 10 1 5 2 6 6 5 9 1 5 2 6 4 4 9 1 
3998828 37 7 5 8 4 4 6 3 6 6 4 4 5 5 4 6 4 8 5 6 5 5 6 8 4 6 4 9 8 6 7 4 9 9 2 5 6 3 6 4 4 6 8 6 3 7 5 5 7 8 6 4 8 4 4 6 4 7 6 8 4 3 4 2 6 4 5 5 5 5 4 7 5 9 4 5 7 4 8 5 7 5 5 10 9 8 6 7 5 5 10 8 8 6 7 4 4 10 1 9 7 8 5 5 10 1 9 7 5 5 5 10 1 9 6 7 5 4 10 1 9 5 7 5 4 10 1 9 7 6 6 4 10 1 7 6 3 5 5 10 1 6 3 5 6 3 10 1 5 3 6 6 5 9 1 5 3 6 4 4 9 1 5 5 5 4 5 10 1 
3998828 38 6 5 7 5 6 5 4 6 8 3 6 4 8 7 6 8 3 9 9 2 5 6 4 6 4 4 5 7 6 4 6 5 5 7 7 6 5 8 4 4 6 3 7 6 8 4 3 3 1 6 5 5 4 5 5 3 7 6 9 4 5 7 3 8 6 7 5 5 10 8 8 6 6 5 5 10 7 8 7 7 4 4 10 1 9 8 8 5 5 10 1 9 8 4 5 5 10 1 9 7 7 5 4 10 1 9 6 6 5 4 10 1 9 7 6 5 4 10 1 7 6 3 4 5 9 1 6 4 4 6 3 10 1 5 4 6 6 5 9 1 5 4 6 4 4 9 1 5 5 4 4 5 10 1 5 4 7 4 4 10 1 6 5 8 4 3 9 1 
3998828 39 6 8 3 6 5 8 7 6 8 3 9 9 3 5 6 3 6 4 5 6 7 6 4 6 5 6 7 7 6 4 7 4 5 6 4 7 6 8 4 4 4 3 6 5 5 5 5 5 4 7 6 8 4 5 7 4 8 6 7 5 5 10 8 8 6 6 5 5 10 7 8 6 7 4 4 10 1 9 7 8 5 5 10 1 9 7 4 5 5 10 1 9 6 7 5 4 10 1 9 6 6 5 5 10 1 9 7 6 6 4 10 1 7 6 3 5 6 9 1 6 4 4 6 3 9 1 5 4 6 6 5 9 1 5 4 6 4 4 9 1 5 5 4 4 5 10 1 5 4 7 4 5 10 1 6 5 8 4 3 9 1 6 5 7 4 4 9 1 
3998828 40 6 3 2 5 7 3 6 7 5 8 3 7 4 6 8 5 6 7 6 7 8 8 6 4 6 5 5 7 8 6 5 3 2 8 4 9 9 7 8 7 7 3 9 9 1 6 6 8 4 9 6 5 6 1 8 3 9 5 5 7 3 6 4 9 8 4 9 2 7 2 7 6 1 5 10 5 3 6 1 2 10 1 5 2 5 1 4 10 7 5 2 5 1 4 2 2 4 2 5 4 1 3 6 6 1 5 1 5 2 3 5 1 6 4 8 4 1 5 1 6 3 5 3 2 5 1 7 8 7 9 2 8 1 7 4 4 5 3 8 1 8 7 7 10 10 10 1 8 7 4 8 6 10 3 8 6 4 9 1 9 1 8 10 10 10 10 10 1 
3998828 41 9 9 7 6 5 9 6 7 7 2 4 8 5 8 6 4 5 8 2 5 5 5 3 7 8 7 4 6 5 4 7 3 5 4 6 5 6 4 4 6 7 2 5 4 8 3 5 5 4 6 6 10 4 3 5 1 6 6 8 3 5 5 1 7 8 10 6 5 10 1 7 6 7 5 5 10 1 8 8 10 7 8 10 1 8 8 7 6 7 10 8 8 7 7 6 4 10 1 8 10 10 10 10 10 5 8 10 1 4 8 10 3 7 4 7 6 8 8 3 7 4 6 10 10 10 1 7 3 6 10 6 10 1 7 5 9 10 10 10 1 7 6 8 7 8 10 4 8 8 6 4 4 10 1 8 10 10 5 2 10 3 9 10 10 6 1 10 4 
3998828 42 6 3 6 2 4 2 5 7 8 8 7 5 5 6 7 4 4 4 5 5 3 8 6 8 7 9 7 5 8 7 4 6 7 8 9 8 5 4 7 3 6 5 8 10 10 10 10 7 8 8 10 1 2 9 6 7 7 1 4 7 8 4 7 7 1 3 10 10 4 4 7 1 3 10 6 5 5 7 1 6 10 10 6 5 7 4 6 8 8 7 7 8 6 3 4 4 7 5 8 10 10 4 1 10 7 9 10 8 7 1 10 7 9 10 8 4 2 10 3 9 10 4 4 4 9 10 8 9 4 9 8 7 10 8 10 1 4 8 6 10 6 4 3 9 10 6 10 6 6 1 8 4 9 10 5 7 4 8 3 10 10 6 8 5 8 1 10 10 
3998828 43 6 5 7 9 6 5 4 7 6 5 4 8 6 9 6 5 6 5 3 6 4 6 9 2 7 3 8 6 6 4 8 4 6 5 5 6 4 5 4 6 2 5 7 3 5 3 4 2 4 6 4 5 4 4 1 2 7 4 7 4 1 1 2 7 5 8 2 5 1 1 6 6 2 2 10 1 1 6 4 7 6 10 1 1 6 8 2 10 6 5 3 6 7 2 10 10 1 1 6 3 5 2 5 1 3 6 3 6 8 10 3 3 6 4 7 2 5 2 1 7 6 8 1 2 1 1 6 4 4 4 8 1 1 7 6 9 3 8 3 1 8 5 7 6 7 10 4 8 6 6 6 7 8 3 8 6 6 3 4 10 1 9 7 8 7 9 10 1 
3998828 44 6 4 6 8 6 8 8 7 4 6 5 5 8 7 6 4 5 6 5 4 5 7 5 7 7 3 5 5 7 7 8 3 6 4 3 6 9 2 4 9 3 4 6 6 7 10 10 3 4 6 10 2 10 6 10 7 6 10 2 10 10 1 5 6 3 5 4 5 5 6 6 3 6 10 9 10 7 6 5 7 3 6 7 3 7 8 8 2 3 1 3 6 5 4 8 7 2 4 7 8 9 5 7 10 4 8 7 7 10 7 10 7 8 8 6 10 7 10 7 8 9 6 5 5 10 1 9 10 8 10 8 10 1 9 10 3 10 7 10 1 9 9 7 10 4 10 1 9 8 6 10 6 10 1 9 10 6 10 5 10 1 7 8 2 8 9 10 1 
3998828 45 7 3 5 5 4 9 9 6 4 5 6 5 5 6 7 5 6 6 3 6 6 7 7 7 3 5 5 3 6 9 2 4 8 4 4 6 5 7 9 8 3 5 6 10 2 10 5 10 8 6 10 2 10 10 1 5 6 2 5 4 5 6 8 6 2 6 10 7 10 8 6 4 7 3 5 8 4 7 8 8 3 3 1 2 6 5 4 7 7 3 4 7 8 8 5 6 10 4 8 7 7 10 6 10 8 8 8 6 9 6 10 8 8 9 6 5 4 10 1 9 10 8 10 7 10 1 9 10 3 8 6 10 1 9 9 6 8 4 10 1 9 8 6 9 5 10 1 9 10 6 10 4 10 1 7 8 2 7 8 10 1 6 4 4 10 2 10 1 
3998828 46 6 3 5 5 4 5 6 7 4 7 5 3 5 6 7 5 8 4 5 5 3 6 6 3 4 8 4 4 6 4 7 6 8 4 5 6 9 3 9 5 9 9 6 8 3 10 10 1 5 6 3 5 4 5 5 8 6 3 6 7 7 8 8 6 4 7 4 5 6 3 7 6 8 4 3 2 2 6 4 5 5 6 4 4 7 6 8 4 6 7 4 8 6 7 6 6 10 9 8 6 6 6 6 10 9 8 7 6 4 4 10 1 9 8 8 7 7 10 1 9 8 4 6 6 10 1 9 7 7 6 4 10 1 9 6 6 6 5 10 1 9 8 6 8 4 10 1 7 6 3 5 8 10 1 6 3 4 9 2 10 1 5 3 6 9 6 10 1 
3998828 47 6 9 2 9 9 3 6 6 4 5 4 5 6 8 6 4 6 6 6 8 8 6 5 7 4 5 7 4 7 7 8 4 4 4 3 6 5 4 5 5 5 4 7 7 9 5 5 8 5 8 6 7 5 5 10 9 8 7 6 5 5 10 8 8 7 6 5 4 10 1 9 9 8 6 5 10 1 9 9 4 5 5 10 1 9 7 7 5 4 10 1 9 7 6 5 5 10 1 9 8 6 6 4 10 1 7 7 2 5 6 10 1 6 4 4 6 3 10 1 5 4 5 6 5 10 1 5 4 6 4 4 10 1 5 6 3 5 5 10 1 5 4 6 4 5 10 1 6 6 8 5 3 10 1 6 6 6 4 4 10 1 7 8 8 6 4 10 1 
3998828 48 6 3 4 5 5 5 8 6 3 5 9 8 8 8 6 5 6 4 5 6 4 7 8 7 4 2 2 3 6 6 3 6 7 4 5 7 8 8 5 7 7 5 8 7 6 8 6 10 9 8 8 5 8 6 10 8 8 9 5 5 4 10 1 9 10 7 9 7 10 1 9 10 2 7 6 10 1 9 9 6 7 3 10 1 9 8 5 8 5 10 1 9 10 5 10 4 10 1 7 8 1 6 9 10 1 6 5 2 10 1 10 1 5 3 4 10 7 10 1 5 4 5 4 4 10 1 5 7 2 5 6 10 1 5 4 5 4 5 10 1 6 6 8 6 1 10 1 6 6 5 5 4 10 1 7 10 7 10 4 10 1 7 7 4 7 5 10 1 
3998828 49 7 6 7 3 2 3 4 6 2 2 6 7 4 5 7 6 8 4 7 5 5 8 5 6 8 7 7 8 8 7 4 7 6 6 8 8 8 5 4 4 8 3 9 10 7 9 8 7 1 9 10 1 7 7 9 3 9 7 5 7 3 8 2 9 5 5 8 5 7 3 9 10 4 10 4 8 1 7 6 1 6 9 6 2 6 1 2 10 1 6 1 5 1 4 10 7 5 1 5 1 4 3 4 5 1 5 4 1 5 7 6 1 5 1 5 3 5 6 1 6 3 8 5 1 6 1 6 3 5 4 4 6 1 7 10 7 10 4 9 1 7 5 4 7 5 8 1 8 8 7 10 10 10 1 8 9 4 9 7 10 1 8 7 4 10 2 9 1 
3998828 50 5 5 3 5 4 3 9 5 4 5 4 5 5 5 5 4 4 4 4 5 5 5 4 5 4 4 9 6 5 8 9 9 9 6 4 6 8 7 6 6 5 4 6 4 5 7 3 4 3 6 2 5 5 4 5 5 6 3 5 5 4 6 6 6 4 5 5 4 6 7 6 5 5 5 4 7 6 6 5 5 5 4 8 7 6 4 4 5 3 7 7 6 4 5 5 4 7 6 6 3 5 5 4 5 4 8 10 10 6 5 2 4 7 7 2 5 3 1 8 8 10 6 5 5 4 10 8 10 9 5 4 4 8 8 9 3 4 4 2 10 9 10 9 9 8 5 1 8 4 4 5 4 5 1 9 10 10 9 7 5 1 6 10 1 8 3 7 1 
3998828 51 5 4 5 4 5 5 7 5 4 3 4 5 5 6 5 5 5 4 5 9 8 5 8 9 9 9 6 4 6 8 7 5 6 4 4 6 4 4 6 3 4 3 6 3 5 5 5 4 6 6 3 5 4 4 5 9 6 5 5 5 4 6 10 6 5 4 4 4 7 10 6 5 5 4 4 8 10 6 5 4 5 4 7 10 6 4 5 4 4 7 8 6 3 5 5 4 5 5 8 10 10 5 5 2 4 7 7 1 4 4 1 10 8 10 5 4 5 4 10 8 10 10 4 5 4 10 8 9 2 4 4 2 10 9 10 9 9 8 5 1 8 4 4 4 4 5 1 9 10 10 8 7 4 1 6 10 1 8 4 6 1 6 5 2 5 4 6 1 
3998828 52 6 3 4 8 8 6 8 6 4 6 4 4 5 4 7 8 7 4 2 4 3 6 5 2 6 6 4 5 7 7 8 4 6 5 5 8 7 6 7 6 9 8 8 8 4 7 6 7 8 8 8 5 5 3 10 1 9 10 7 8 7 10 1 9 10 1 7 6 10 1 9 8 5 6 3 10 1 9 7 4 7 4 8 1 9 10 4 9 3 10 1 7 8 1 6 8 7 1 6 4 2 10 1 7 1 5 2 4 10 6 7 1 5 3 4 4 3 6 1 5 6 1 5 6 8 1 5 3 5 4 5 7 1 6 6 7 5 1 7 1 6 6 5 4 3 7 1 7 10 7 9 3 10 1 7 7 4 6 4 10 1 8 9 7 9 9 10 1 
3998828 53 6 2 6 4 5 5 4 7 7 7 3 2 3 3 6 4 2 6 7 4 5 7 6 8 5 7 5 5 8 6 6 8 6 9 8 8 7 4 7 6 7 8 8 8 5 5 3 10 1 9 10 7 9 7 9 1 9 10 1 7 6 10 1 9 8 5 7 3 10 1 9 6 4 8 5 8 1 9 10 4 10 4 9 1 7 7 1 6 9 7 1 6 2 2 10 1 7 1 5 1 4 10 7 6 1 5 1 4 4 3 6 1 5 5 1 5 6 8 1 5 1 5 4 5 7 1 6 5 7 5 1 6 1 6 5 5 4 3 6 1 7 10 7 10 3 10 1 7 6 4 7 5 10 1 8 8 7 10 10 10 1 8 9 4 9 7 10 1 
3998828 54 5 5 3 4 5 5 7 5 5 5 4 5 9 9 5 8 9 9 9 6 4 6 8 7 5 6 4 4 6 4 4 6 3 4 3 6 3 5 4 5 4 6 6 4 5 4 4 5 10 6 5 5 4 4 6 10 6 5 4 4 4 7 10 6 6 5 4 4 8 10 6 5 4 4 4 7 10 6 5 5 4 4 7 9 6 4 5 4 4 5 6 8 10 10 5 5 2 4 7 7 1 4 4 1 10 8 10 5 4 5 4 10 8 10 10 4 5 4 10 8 9 2 4 4 2 10 9 10 9 9 8 5 1 8 5 4 4 4 5 1 9 10 10 8 7 4 1 6 9 1 8 4 6 1 6 5 2 5 4 6 1 5 4 4 4 4 6 1 
3998828 55 5 5 4 4 5 9 7 5 8 9 9 9 6 4 6 8 7 5 7 4 4 6 4 4 6 4 4 3 6 3 5 4 5 4 5 6 4 5 4 4 5 8 6 5 4 4 4 6 9 6 5 4 4 4 7 8 6 6 4 4 4 8 9 6 5 3 4 4 7 10 6 5 4 4 4 7 8 6 4 4 4 4 5 5 8 10 10 5 5 2 4 7 7 1 4 4 1 10 8 10 5 4 5 4 10 8 10 10 4 5 4 10 8 9 1 4 5 2 10 9 10 9 9 8 5 1 8 5 3 4 4 5 1 9 10 10 8 7 4 1 6 9 1 8 4 6 1 6 5 1 4 4 6 1 5 4 3 4 4 6 1 5 5 3 4 4 6 1 
3998828 56 6 9 9 7 9 4 4 6 5 4 9 3 4 3 6 3 5 4 6 4 5 6 4 5 4 5 6 7 6 5 5 4 5 7 8 6 6 4 4 5 9 7 6 6 5 4 4 10 8 6 6 3 5 4 8 9 6 5 5 4 5 8 6 6 4 5 5 5 5 4 8 10 10 7 6 1 3 7 8 1 4 4 1 9 8 10 6 4 6 3 10 8 10 10 4 6 3 9 8 10 1 3 6 1 10 9 10 10 10 10 5 1 8 5 3 4 4 5 1 9 10 10 10 10 4 1 6 10 1 10 4 7 1 6 6 1 5 4 7 1 5 5 3 5 5 6 1 5 5 3 5 5 7 1 6 10 10 7 10 6 1 6 9 1 10 10 2 4 
3998828 57 6 5 3 10 2 3 2 6 3 7 5 8 4 4 6 4 8 5 6 5 6 6 6 7 5 6 6 7 6 7 3 4 5 7 6 6 8 6 5 5 8 7 6 7 1 5 4 7 8 6 6 5 5 5 7 6 6 4 6 5 5 5 4 8 10 10 7 9 1 2 7 10 1 4 4 1 8 8 10 10 4 10 3 10 8 10 10 4 9 3 8 8 10 1 3 8 1 10 9 10 10 10 10 5 1 8 6 1 5 5 4 1 9 10 10 10 10 4 1 6 10 1 10 4 6 1 6 7 1 5 5 6 1 5 5 1 5 6 5 1 5 6 1 5 6 6 1 6 10 10 7 10 5 1 6 10 1 10 10 2 3 6 6 1 7 10 1 3 
3998828 58 6 10 2 4 3 9 5 5 5 4 9 9 3 9 5 5 7 5 5 5 7 5 5 7 5 6 5 4 6 5 7 5 6 5 3 6 5 5 4 5 5 5 6 5 8 4 5 7 4 6 4 4 4 5 6 5 5 4 6 5 5 7 3 5 4 6 4 5 5 5 6 5 6 4 5 6 5 8 10 9 10 8 9 3 6 4 5 4 4 6 8 7 4 7 3 4 6 4 7 4 6 4 4 8 1 8 4 6 4 4 9 5 8 5 5 4 4 10 1 8 4 6 5 4 10 2 8 5 8 5 4 10 4 9 6 6 10 10 10 5 9 5 7 6 4 10 1 9 6 6 5 4 10 1 8 5 6 7 5 10 6 9 5 5 6 6 10 9 
3998828 59 5 8 2 9 9 2 9 5 4 6 5 4 6 7 5 4 7 5 6 5 4 6 5 6 5 5 6 3 6 4 4 4 4 6 5 6 8 7 4 5 8 4 6 3 3 4 4 7 5 5 2 5 5 5 9 4 5 1 5 4 4 5 5 6 5 5 3 3 7 5 8 10 9 10 9 10 4 6 1 3 4 3 7 8 7 1 7 3 3 7 4 7 1 5 3 3 10 2 8 2 5 4 2 10 5 8 5 4 4 3 10 1 8 3 5 5 3 10 3 8 9 8 5 2 10 5 9 10 5 10 10 10 5 9 10 6 6 3 10 1 9 10 5 5 3 10 1 8 8 5 6 4 10 6 9 6 4 6 6 10 9 8 3 5 6 5 10 9 
3998828 60 5 8 9 9 9 8 4 6 8 7 5 7 4 4 6 4 4 6 4 3 4 6 3 5 4 5 4 5 6 4 5 4 4 6 8 6 5 4 4 4 8 8 6 5 4 4 4 10 8 6 6 4 4 4 10 8 6 5 3 4 4 9 9 6 5 4 4 4 9 7 6 4 4 4 4 6 5 8 10 10 5 5 1 4 7 7 1 4 4 1 10 8 10 5 4 5 3 10 8 10 10 4 5 3 10 8 9 1 4 5 1 10 9 10 9 9 8 6 1 8 5 3 4 4 5 1 9 10 10 9 7 4 1 6 9 1 8 4 8 1 6 5 1 4 4 7 1 5 4 3 4 4 6 1 5 5 3 4 4 8 1 6 10 10 5 7 6 1 
3998828 61 6 2 7 7 9 3 2 6 4 7 6 6 4 5 6 6 7 6 5 5 6 6 7 4 3 4 7 5 6 8 6 4 4 8 6 6 6 2 8 4 6 8 6 6 6 4 4 6 4 6 4 6 8 5 4 2 8 10 10 10 10 1 1 7 10 1 3 3 1 8 8 10 9 3 10 2 10 8 10 10 3 10 2 8 8 10 1 1 8 1 10 9 10 10 10 10 4 1 8 6 2 5 4 3 1 9 10 10 10 10 3 1 6 10 1 10 2 6 1 6 6 1 10 4 5 1 5 5 2 9 5 4 1 5 6 2 8 6 5 1 6 10 10 10 10 4 1 6 10 1 10 10 1 1 6 6 2 10 10 1 1 7 10 10 10 10 1 2 
