3997097 0 0 0 0 0 0 0 0 6 10 10 7 10 10 8 6 10 10 7 10 10 8 6 10 10 7 10 10 8 6 10 10 7 10 10 8 6 10 10 7 10 10 8 6 10 10 7 10 10 8 6 10 10 7 10 10 8 6 10 10 7 10 10 8 6 10 10 7 10 10 8 6 10 10 7 10 10 8 6 10 10 7 10 10 8 6 10 10 7 10 10 8 0 0 0 0 0 6 10 10 7 10 10 8 0 0 0 0 0 6 10 10 7 10 10 8 0 0 0 0 0 6 10 10 7 10 10 8 0 0 0 0 0 6 10 10 7 10 10 8 0 0 0 0 0 6 10 10 7 10 10 8 
3997097 1 0 0 0 0 0 0 0 7 10 10 8 10 10 7 7 10 10 8 10 10 7 7 10 10 8 10 10 7 7 10 10 8 10 10 7 7 10 10 8 10 10 7 7 10 10 8 10 10 7 7 10 10 8 10 10 7 7 10 10 8 10 10 7 7 10 10 8 10 10 7 7 10 10 8 10 10 7 7 10 10 8 10 10 7 7 10 10 8 10 10 7 0 0 0 0 0 7 10 10 8 10 10 7 0 0 0 0 0 7 10 10 8 10 10 7 0 0 0 0 0 7 10 10 8 10 10 7 0 0 0 0 0 7 10 10 8 10 10 7 0 0 0 0 0 7 10 10 8 10 10 7 
3997097 2 0 0 0 0 0 0 0 6 10 8 10 9 10 8 6 10 8 10 9 10 8 6 10 8 10 9 10 8 6 10 8 10 9 10 8 6 10 8 10 9 10 8 6 10 8 10 9 10 8 6 10 8 10 9 10 8 6 10 8 10 9 10 8 6 10 8 10 9 10 8 6 10 8 10 9 10 8 6 10 8 10 9 10 8 6 10 8 10 9 10 8 0 0 0 0 0 6 10 8 10 9 10 8 0 0 0 0 0 6 10 8 10 9 10 8 0 0 0 0 0 6 10 8 10 9 10 8 0 0 0 0 0 6 10 8 10 9 10 8 0 0 0 0 0 6 10 8 10 9 10 8 
3997097 3 0 0 0 0 0 0 0 6 9 8 10 7 10 8 6 9 8 10 7 10 8 6 9 8 10 7 10 8 6 9 8 10 7 10 8 6 9 8 10 7 10 8 6 9 8 10 7 10 8 6 9 8 10 7 10 8 6 9 8 10 7 10 8 6 9 8 10 7 10 8 6 9 8 10 7 10 8 6 9 8 10 7 10 8 6 9 8 10 7 10 8 0 0 0 0 0 6 9 8 10 7 10 8 0 0 0 0 0 6 9 8 10 7 10 8 0 0 0 0 0 6 9 8 10 7 10 8 0 0 0 0 0 6 9 8 10 7 10 8 0 0 0 0 0 6 9 8 10 7 10 8 
3997097 4 0 0 0 0 0 0 0 10 9 9 9 9 8 8 10 9 9 9 9 8 8 10 9 9 9 9 8 8 10 9 9 9 9 8 8 10 9 9 9 9 8 8 10 9 9 9 9 8 8 10 9 9 9 9 8 8 10 9 9 9 9 8 8 10 9 9 9 9 8 8 10 9 9 9 9 8 8 10 9 9 9 9 8 8 10 9 9 9 9 8 8 0 0 0 0 0 10 9 9 9 9 8 8 0 0 0 0 0 10 9 9 9 9 8 8 0 0 0 0 0 10 9 9 9 9 8 8 0 0 0 0 0 10 9 9 9 9 8 8 0 0 0 0 0 10 9 9 9 9 8 8 
3997097 5 0 0 0 0 0 0 0 10 9 9 9 8 8 8 10 9 9 9 8 8 8 10 9 9 9 8 8 8 10 9 9 9 8 8 8 10 9 9 9 8 8 8 10 9 9 9 8 8 8 10 9 9 9 8 8 8 10 9 9 9 8 8 8 10 9 9 9 8 8 8 10 9 9 9 8 8 8 10 9 9 9 8 8 8 10 9 9 9 8 8 8 0 0 0 0 0 10 9 9 9 8 8 8 0 0 0 0 0 10 9 9 9 8 8 8 0 0 0 0 0 10 9 9 9 8 8 8 0 0 0 0 0 10 9 9 9 8 8 8 0 0 0 0 0 10 9 9 9 8 8 8 
3997097 6 0 0 0 0 0 0 0 9 9 9 10 9 8 8 9 9 9 10 9 8 8 9 9 9 10 9 8 8 9 9 9 10 9 8 8 9 9 9 10 9 8 8 9 9 9 10 9 8 8 9 9 9 10 9 8 8 9 9 9 10 9 8 8 9 9 9 10 9 8 8 9 9 9 10 9 8 8 9 9 9 10 9 8 8 9 9 9 10 9 8 8 0 0 0 0 0 9 9 9 10 9 8 8 0 0 0 0 0 9 9 9 10 9 8 8 0 0 0 0 0 9 9 9 10 9 8 8 0 0 0 0 0 9 9 9 10 9 8 8 0 0 0 0 0 9 9 9 10 9 8 8 
3997097 7 0 0 0 0 0 0 0 9 10 10 9 10 8 8 9 10 10 9 10 8 8 9 10 10 9 10 8 8 9 10 10 9 10 8 8 9 10 10 9 10 8 8 9 10 10 9 10 8 8 9 10 10 9 10 8 8 9 10 10 9 10 8 8 9 10 10 9 10 8 8 9 10 10 9 10 8 8 9 10 10 9 10 8 8 9 10 10 9 10 8 8 0 0 0 0 0 9 10 10 9 10 8 8 0 0 0 0 0 9 10 10 9 10 8 8 0 0 0 0 0 9 10 10 9 10 8 8 0 0 0 0 0 9 10 10 9 10 8 8 0 0 0 0 0 9 10 10 9 10 8 8 
3997097 8 0 0 0 0 0 0 0 10 10 10 9 10 8 8 10 10 10 9 10 8 8 10 10 10 9 10 8 8 10 10 10 9 10 8 8 10 10 10 9 10 8 8 10 10 10 9 10 8 8 10 10 10 9 10 8 8 10 10 10 9 10 8 8 10 10 10 9 10 8 8 10 10 10 9 10 8 8 10 10 10 9 10 8 8 10 10 10 9 10 8 8 0 0 0 0 0 10 10 10 9 10 8 8 0 0 0 0 0 10 10 10 9 10 8 8 0 0 0 0 0 10 10 10 9 10 8 8 0 0 0 0 0 10 10 10 9 10 8 8 0 0 0 0 0 10 10 10 9 10 8 8 
3997097 9 0 0 0 0 0 0 0 10 8 9 10 9 8 8 10 8 9 10 9 8 8 10 8 9 10 9 8 8 10 8 9 10 9 8 8 10 8 9 10 9 8 8 10 8 9 10 9 8 8 10 8 9 10 9 8 8 10 8 9 10 9 8 8 10 8 9 10 9 8 8 10 8 9 10 9 8 8 10 8 9 10 9 8 8 10 8 9 10 9 8 8 0 0 0 0 0 10 8 9 10 9 8 8 0 0 0 0 0 10 8 9 10 9 8 8 0 0 0 0 0 10 8 9 10 9 8 8 0 0 0 0 0 10 8 9 10 9 8 8 0 0 0 0 0 10 8 9 10 9 8 8 
3998059 0 0 0 0 0 0 0 0 7 10 10 8 10 10 10 7 10 10 8 10 10 10 7 10 10 8 10 10 10 7 10 10 8 10 10 10 7 10 10 8 10 10 10 7 10 10 8 10 10 10 7 10 10 8 10 10 10 7 10 10 8 10 10 10 7 10 10 8 10 10 10 7 10 10 8 10 10 10 7 10 10 8 10 10 10 7 10 10 8 10 10 10 0 0 0 0 0 7 10 10 8 10 10 10 0 0 0 0 0 7 10 10 8 10 10 10 0 0 0 0 0 7 10 10 8 10 10 10 0 0 0 0 0 7 10 10 8 10 10 10 0 0 0 0 0 7 10 10 8 10 10 10 
3998059 1 0 0 0 0 0 0 0 7 10 10 8 10 10 10 7 10 10 8 10 10 10 7 10 10 8 10 10 10 7 10 10 8 10 10 10 7 10 10 8 10 10 10 7 10 10 8 10 10 10 7 10 10 8 10 10 10 7 10 10 8 10 10 10 7 10 10 8 10 10 10 7 10 10 8 10 10 10 7 10 10 8 10 10 10 7 10 10 8 10 10 10 0 0 0 0 0 7 10 10 8 10 10 10 0 0 0 0 0 7 10 10 8 10 10 10 0 0 0 0 0 7 10 10 8 10 10 10 0 0 0 0 0 7 10 10 8 10 10 10 0 0 0 0 0 7 10 10 8 10 10 10 
3998059 2 0 0 0 0 0 0 0 7 10 10 9 10 10 10 7 10 10 9 10 10 10 7 10 10 9 10 10 10 7 10 10 9 10 10 10 7 10 10 9 10 10 10 7 10 10 9 10 10 10 7 10 10 9 10 10 10 7 10 10 9 10 10 10 7 10 10 9 10 10 10 7 10 10 9 10 10 10 7 10 10 9 10 10 10 7 10 10 9 10 10 10 0 0 0 0 0 7 10 10 9 10 10 10 0 0 0 0 0 7 10 10 9 10 10 10 0 0 0 0 0 7 10 10 9 10 10 10 0 0 0 0 0 7 10 10 9 10 10 10 0 0 0 0 0 7 10 10 9 10 10 10 
3998059 3 0 0 0 0 0 0 0 6 7 8 9 8 9 8 6 7 8 9 8 9 8 6 7 8 9 8 9 8 6 7 8 9 8 9 8 6 7 8 9 8 9 8 6 7 8 9 8 9 8 6 7 8 9 8 9 8 6 7 8 9 8 9 8 6 7 8 9 8 9 8 6 7 8 9 8 9 8 6 7 8 9 8 9 8 6 7 8 9 8 9 8 0 0 0 0 0 6 7 8 9 8 9 8 0 0 0 0 0 6 7 8 9 8 9 8 0 0 0 0 0 6 7 8 9 8 9 8 0 0 0 0 0 6 7 8 9 8 9 8 0 0 0 0 0 6 7 8 9 8 9 8 
3998059 4 0 0 0 0 0 0 0 7 10 10 8 10 10 10 7 10 10 8 10 10 10 7 10 10 8 10 10 10 7 10 10 8 10 10 10 7 10 10 8 10 10 10 7 10 10 8 10 10 10 7 10 10 8 10 10 10 7 10 10 8 10 10 10 7 10 10 8 10 10 10 7 10 10 8 10 10 10 7 10 10 8 10 10 10 7 10 10 8 10 10 10 0 0 0 0 0 7 10 10 8 10 10 10 0 0 0 0 0 7 10 10 8 10 10 10 0 0 0 0 0 7 10 10 8 10 10 10 0 0 0 0 0 7 10 10 8 10 10 10 0 0 0 0 0 7 10 10 8 10 10 10 
3998059 5 0 0 0 0 0 0 0 7 10 10 9 10 10 10 7 10 10 9 10 10 10 7 10 10 9 10 10 10 7 10 10 9 10 10 10 7 10 10 9 10 10 10 7 10 10 9 10 10 10 7 10 10 9 10 10 10 7 10 10 9 10 10 10 7 10 10 9 10 10 10 7 10 10 9 10 10 10 7 10 10 9 10 10 10 7 10 10 9 10 10 10 0 0 0 0 0 7 10 10 9 10 10 10 0 0 0 0 0 7 10 10 9 10 10 10 0 0 0 0 0 7 10 10 9 10 10 10 0 0 0 0 0 7 10 10 9 10 10 10 0 0 0 0 0 7 10 10 9 10 10 10 
3998059 6 0 0 0 0 0 0 0 7 10 9 9 9 10 10 7 10 9 9 9 10 10 7 10 9 9 9 10 10 7 10 9 9 9 10 10 7 10 9 9 9 10 10 7 10 9 9 9 10 10 7 10 9 9 9 10 10 7 10 9 9 9 10 10 7 10 9 9 9 10 10 7 10 9 9 9 10 10 7 10 9 9 9 10 10 7 10 9 9 9 10 10 0 0 0 0 0 7 10 9 9 9 10 10 0 0 0 0 0 7 10 9 9 9 10 10 0 0 0 0 0 7 10 9 9 9 10 10 0 0 0 0 0 7 10 9 9 9 10 10 0 0 0 0 0 7 10 9 9 9 10 10 
3998059 7 0 0 0 0 0 0 0 4 10 10 8 8 10 10 4 10 10 8 8 10 10 4 10 10 8 8 10 10 4 10 10 8 8 10 10 4 10 10 8 8 10 10 4 10 10 8 8 10 10 4 10 10 8 8 10 10 4 10 10 8 8 10 10 4 10 10 8 8 10 10 4 10 10 8 8 10 10 4 10 10 8 8 10 10 4 10 10 8 8 10 10 0 0 0 0 0 4 10 10 8 8 10 10 0 0 0 0 0 4 10 10 8 8 10 10 0 0 0 0 0 4 10 10 8 8 10 10 0 0 0 0 0 4 10 10 8 8 10 10 0 0 0 0 0 4 10 10 8 8 10 10 
3998059 8 0 0 0 0 0 0 0 7 8 8 8 8 9 9 7 8 8 8 8 9 9 7 8 8 8 8 9 9 7 8 8 8 8 9 9 7 8 8 8 8 9 9 7 8 8 8 8 9 9 7 8 8 8 8 9 9 7 8 8 8 8 9 9 7 8 8 8 8 9 9 7 8 8 8 8 9 9 7 8 8 8 8 9 9 7 8 8 8 8 9 9 0 0 0 0 0 7 8 8 8 8 9 9 0 0 0 0 0 7 8 8 8 8 9 9 0 0 0 0 0 7 8 8 8 8 9 9 0 0 0 0 0 7 8 8 8 8 9 9 0 0 0 0 0 7 8 8 8 8 9 9 
3998059 9 0 0 0 0 0 0 0 7 8 9 10 9 9 9 7 8 9 10 9 9 9 7 8 9 10 9 9 9 7 8 9 10 9 9 9 7 8 9 10 9 9 9 7 8 9 10 9 9 9 7 8 9 10 9 9 9 7 8 9 10 9 9 9 7 8 9 10 9 9 9 7 8 9 10 9 9 9 7 8 9 10 9 9 9 7 8 9 10 9 9 9 0 0 0 0 0 7 8 9 10 9 9 9 0 0 0 0 0 7 8 9 10 9 9 9 0 0 0 0 0 7 8 9 10 9 9 9 0 0 0 0 0 7 8 9 10 9 9 9 0 0 0 0 0 7 8 9 10 9 9 9 
3998059 10 0 0 0 0 0 0 0 7 8 8 8 7 9 9 7 8 8 8 7 9 9 7 8 8 8 7 9 9 7 8 8 8 7 9 9 7 8 8 8 7 9 9 7 8 8 8 7 9 9 7 8 8 8 7 9 9 7 8 8 8 7 9 9 7 8 8 8 7 9 9 7 8 8 8 7 9 9 7 8 8 8 7 9 9 7 8 8 8 7 9 9 0 0 0 0 0 7 8 8 8 7 9 9 0 0 0 0 0 7 8 8 8 7 9 9 0 0 0 0 0 7 8 8 8 7 9 9 0 0 0 0 0 7 8 8 8 7 9 9 0 0 0 0 0 7 8 8 8 7 9 9 
3998059 11 0 0 0 0 0 0 0 7 10 10 8 10 10 10 7 10 10 8 10 10 10 7 10 10 8 10 10 10 7 10 10 8 10 10 10 7 10 10 8 10 10 10 7 10 10 8 10 10 10 7 10 10 8 10 10 10 7 10 10 8 10 10 10 7 10 10 8 10 10 10 7 10 10 8 10 10 10 7 10 10 8 10 10 10 7 10 10 8 10 10 10 0 0 0 0 0 7 10 10 8 10 10 10 0 0 0 0 0 7 10 10 8 10 10 10 0 0 0 0 0 7 10 10 8 10 10 10 0 0 0 0 0 7 10 10 8 10 10 10 0 0 0 0 0 7 10 10 8 10 10 10 
3998059 12 0 0 0 0 0 0 0 7 8 9 10 9 9 9 7 8 9 10 9 9 9 7 8 9 10 9 9 9 7 8 9 10 9 9 9 7 8 9 10 9 9 9 7 8 9 10 9 9 9 7 8 9 10 9 9 9 7 8 9 10 9 9 9 7 8 9 10 9 9 9 7 8 9 10 9 9 9 7 8 9 10 9 9 9 7 8 9 10 9 9 9 0 0 0 0 0 7 8 9 10 9 9 9 0 0 0 0 0 7 8 9 10 9 9 9 0 0 0 0 0 7 8 9 10 9 9 9 0 0 0 0 0 7 8 9 10 9 9 9 0 0 0 0 0 7 8 9 10 9 9 9 
3998059 13 0 0 0 0 0 0 0 5 9 9 10 10 8 7 5 9 9 10 10 8 7 5 9 9 10 10 8 7 5 9 9 10 10 8 7 5 9 9 10 10 8 7 5 9 9 10 10 8 7 5 9 9 10 10 8 7 5 9 9 10 10 8 7 5 9 9 10 10 8 7 5 9 9 10 10 8 7 5 9 9 10 10 8 7 5 9 9 10 10 8 7 0 0 0 0 0 5 9 9 10 10 8 7 0 0 0 0 0 5 9 9 10 10 8 7 0 0 0 0 0 5 9 9 10 10 8 7 0 0 0 0 0 5 9 9 10 10 8 7 0 0 0 0 0 5 9 9 10 10 8 7 
3998059 14 0 0 0 0 0 0 0 5 9 10 9 9 10 7 5 9 10 9 9 10 7 5 9 10 9 9 10 7 5 9 10 9 9 10 7 5 9 10 9 9 10 7 5 9 10 9 9 10 7 5 9 10 9 9 10 7 5 9 10 9 9 10 7 5 9 10 9 9 10 7 5 9 10 9 9 10 7 5 9 10 9 9 10 7 5 9 10 9 9 10 7 0 0 0 0 0 5 9 10 9 9 10 7 0 0 0 0 0 5 9 10 9 9 10 7 0 0 0 0 0 5 9 10 9 9 10 7 0 0 0 0 0 5 9 10 9 9 10 7 0 0 0 0 0 5 9 10 9 9 10 7 
3998059 15 0 0 0 0 0 0 0 5 9 7 9 9 10 9 5 9 7 9 9 10 9 5 9 7 9 9 10 9 5 9 7 9 9 10 9 5 9 7 9 9 10 9 5 9 7 9 9 10 9 5 9 7 9 9 10 9 5 9 7 9 9 10 9 5 9 7 9 9 10 9 5 9 7 9 9 10 9 5 9 7 9 9 10 9 5 9 7 9 9 10 9 0 0 0 0 0 5 9 7 9 9 10 9 0 0 0 0 0 5 9 7 9 9 10 9 0 0 0 0 0 5 9 7 9 9 10 9 0 0 0 0 0 5 9 7 9 9 10 9 0 0 0 0 0 5 9 7 9 9 10 9 
3998059 16 0 0 0 0 0 0 0 5 9 7 10 8 9 8 5 9 7 10 8 9 8 5 9 7 10 8 9 8 5 9 7 10 8 9 8 5 9 7 10 8 9 8 5 9 7 10 8 9 8 5 9 7 10 8 9 8 5 9 7 10 8 9 8 5 9 7 10 8 9 8 5 9 7 10 8 9 8 5 9 7 10 8 9 8 5 9 7 10 8 9 8 0 0 0 0 0 5 9 7 10 8 9 8 0 0 0 0 0 5 9 7 10 8 9 8 0 0 0 0 0 5 9 7 10 8 9 8 0 0 0 0 0 5 9 7 10 8 9 8 0 0 0 0 0 5 9 7 10 8 9 8 
3998059 17 0 0 0 0 0 0 0 5 9 7 10 8 9 7 5 9 7 10 8 9 7 5 9 7 10 8 9 7 5 9 7 10 8 9 7 5 9 7 10 8 9 7 5 9 7 10 8 9 7 5 9 7 10 8 9 7 5 9 7 10 8 9 7 5 9 7 10 8 9 7 5 9 7 10 8 9 7 5 9 7 10 8 9 7 5 9 7 10 8 9 7 0 0 0 0 0 5 9 7 10 8 9 7 0 0 0 0 0 5 9 7 10 8 9 7 0 0 0 0 0 5 9 7 10 8 9 7 0 0 0 0 0 5 9 7 10 8 9 7 0 0 0 0 0 5 9 7 10 8 9 7 
3998059 18 0 0 0 0 0 0 0 5 9 7 9 9 9 8 5 9 7 9 9 9 8 5 9 7 9 9 9 8 5 9 7 9 9 9 8 5 9 7 9 9 9 8 5 9 7 9 9 9 8 5 9 7 9 9 9 8 5 9 7 9 9 9 8 5 9 7 9 9 9 8 5 9 7 9 9 9 8 5 9 7 9 9 9 8 5 9 7 9 9 9 8 0 0 0 0 0 5 9 7 9 9 9 8 0 0 0 0 0 5 9 7 9 9 9 8 0 0 0 0 0 5 9 7 9 9 9 8 0 0 0 0 0 5 9 7 9 9 9 8 0 0 0 0 0 5 9 7 9 9 9 8 
3998059 19 0 0 0 0 0 0 0 5 10 10 8 8 10 8 5 10 10 8 8 10 8 5 10 10 8 8 10 8 5 10 10 8 8 10 8 5 10 10 8 8 10 8 5 10 10 8 8 10 8 5 10 10 8 8 10 8 5 10 10 8 8 10 8 5 10 10 8 8 10 8 5 10 10 8 8 10 8 5 10 10 8 8 10 8 5 10 10 8 8 10 8 0 0 0 0 0 5 10 10 8 8 10 8 0 0 0 0 0 5 10 10 8 8 10 8 0 0 0 0 0 5 10 10 8 8 10 8 0 0 0 0 0 5 10 10 8 8 10 8 0 0 0 0 0 5 10 10 8 8 10 8 
3998059 20 0 0 0 0 0 0 0 6 10 9 10 10 10 10 6 10 9 10 10 10 10 6 10 9 10 10 10 10 6 10 9 10 10 10 10 6 10 9 10 10 10 10 6 10 9 10 10 10 10 6 10 9 10 10 10 10 6 10 9 10 10 10 10 6 10 9 10 10 10 10 6 10 9 10 10 10 10 6 10 9 10 10 10 10 6 10 9 10 10 10 10 0 0 0 0 0 6 10 9 10 10 10 10 0 0 0 0 0 6 10 9 10 10 10 10 0 0 0 0 0 6 10 9 10 10 10 10 0 0 0 0 0 6 10 9 10 10 10 10 0 0 0 0 0 6 10 9 10 10 10 10 
3998059 21 0 0 0 0 0 0 0 7 8 8 8 7 9 9 7 8 8 8 7 9 9 7 8 8 8 7 9 9 7 8 8 8 7 9 9 7 8 8 8 7 9 9 7 8 8 8 7 9 9 7 8 8 8 7 9 9 7 8 8 8 7 9 9 7 8 8 8 7 9 9 7 8 8 8 7 9 9 7 8 8 8 7 9 9 7 8 8 8 7 9 9 0 0 0 0 0 7 8 8 8 7 9 9 0 0 0 0 0 7 8 8 8 7 9 9 0 0 0 0 0 7 8 8 8 7 9 9 0 0 0 0 0 7 8 8 8 7 9 9 0 0 0 0 0 7 8 8 8 7 9 9 
3998059 22 0 0 0 0 0 0 0 7 8 9 10 8 9 9 7 8 9 10 8 9 9 7 8 9 10 8 9 9 7 8 9 10 8 9 9 7 8 9 10 8 9 9 7 8 9 10 8 9 9 7 8 9 10 8 9 9 7 8 9 10 8 9 9 7 8 9 10 8 9 9 7 8 9 10 8 9 9 7 8 9 10 8 9 9 7 8 9 10 8 9 9 0 0 0 0 0 7 8 9 10 8 9 9 0 0 0 0 0 7 8 9 10 8 9 9 0 0 0 0 0 7 8 9 10 8 9 9 0 0 0 0 0 7 8 9 10 8 9 9 0 0 0 0 0 7 8 9 10 8 9 9 
3998059 23 0 0 0 0 0 0 0 5 9 9 10 10 9 8 5 9 9 10 10 9 8 5 9 9 10 10 9 8 5 9 9 10 10 9 8 5 9 9 10 10 9 8 5 9 9 10 10 9 8 5 9 9 10 10 9 8 5 9 9 10 10 9 8 5 9 9 10 10 9 8 5 9 9 10 10 9 8 5 9 9 10 10 9 8 5 9 9 10 10 9 8 0 0 0 0 0 5 9 9 10 10 9 8 0 0 0 0 0 5 9 9 10 10 9 8 0 0 0 0 0 5 9 9 10 10 9 8 0 0 0 0 0 5 9 9 10 10 9 8 0 0 0 0 0 5 9 9 10 10 9 8 
3998059 24 0 0 0 0 0 0 0 5 9 9 10 10 8 8 5 9 9 10 10 8 8 5 9 9 10 10 8 8 5 9 9 10 10 8 8 5 9 9 10 10 8 8 5 9 9 10 10 8 8 5 9 9 10 10 8 8 5 9 9 10 10 8 8 5 9 9 10 10 8 8 5 9 9 10 10 8 8 5 9 9 10 10 8 8 5 9 9 10 10 8 8 0 0 0 0 0 5 9 9 10 10 8 8 0 0 0 0 0 5 9 9 10 10 8 8 0 0 0 0 0 5 9 9 10 10 8 8 0 0 0 0 0 5 9 9 10 10 8 8 0 0 0 0 0 5 9 9 10 10 8 8 
3998059 25 0 0 0 0 0 0 0 5 9 10 9 9 10 8 5 9 10 9 9 10 8 5 9 10 9 9 10 8 5 9 10 9 9 10 8 5 9 10 9 9 10 8 5 9 10 9 9 10 8 5 9 10 9 9 10 8 5 9 10 9 9 10 8 5 9 10 9 9 10 8 5 9 10 9 9 10 8 5 9 10 9 9 10 8 5 9 10 9 9 10 8 0 0 0 0 0 5 9 10 9 9 10 8 0 0 0 0 0 5 9 10 9 9 10 8 0 0 0 0 0 5 9 10 9 9 10 8 0 0 0 0 0 5 9 10 9 9 10 8 0 0 0 0 0 5 9 10 9 9 10 8 
3998059 26 0 0 0 0 0 0 0 5 9 7 9 10 10 8 5 9 7 9 10 10 8 5 9 7 9 10 10 8 5 9 7 9 10 10 8 5 9 7 9 10 10 8 5 9 7 9 10 10 8 5 9 7 9 10 10 8 5 9 7 9 10 10 8 5 9 7 9 10 10 8 5 9 7 9 10 10 8 5 9 7 9 10 10 8 5 9 7 9 10 10 8 0 0 0 0 0 5 9 7 9 10 10 8 0 0 0 0 0 5 9 7 9 10 10 8 0 0 0 0 0 5 9 7 9 10 10 8 0 0 0 0 0 5 9 7 9 10 10 8 0 0 0 0 0 5 9 7 9 10 10 8 
3998059 27 0 0 0 0 0 0 0 5 9 7 9 10 9 8 5 9 7 9 10 9 8 5 9 7 9 10 9 8 5 9 7 9 10 9 8 5 9 7 9 10 9 8 5 9 7 9 10 9 8 5 9 7 9 10 9 8 5 9 7 9 10 9 8 5 9 7 9 10 9 8 5 9 7 9 10 9 8 5 9 7 9 10 9 8 5 9 7 9 10 9 8 0 0 0 0 0 5 9 7 9 10 9 8 0 0 0 0 0 5 9 7 9 10 9 8 0 0 0 0 0 5 9 7 9 10 9 8 0 0 0 0 0 5 9 7 9 10 9 8 0 0 0 0 0 5 9 7 9 10 9 8 
3998059 28 0 0 0 0 0 0 0 6 10 8 10 10 10 10 6 10 8 10 10 10 10 6 10 8 10 10 10 10 6 10 8 10 10 10 10 6 10 8 10 10 10 10 6 10 8 10 10 10 10 6 10 8 10 10 10 10 6 10 8 10 10 10 10 6 10 8 10 10 10 10 6 10 8 10 10 10 10 6 10 8 10 10 10 10 6 10 8 10 10 10 10 0 0 0 0 0 6 10 8 10 10 10 10 0 0 0 0 0 6 10 8 10 10 10 10 0 0 0 0 0 6 10 8 10 10 10 10 0 0 0 0 0 6 10 8 10 10 10 10 0 0 0 0 0 6 10 8 10 10 10 10 
3998059 29 0 0 0 0 0 0 0 7 9 8 9 8 10 9 7 9 8 9 8 10 9 7 9 8 9 8 10 9 7 9 8 9 8 10 9 7 9 8 9 8 10 9 7 9 8 9 8 10 9 7 9 8 9 8 10 9 7 9 8 9 8 10 9 7 9 8 9 8 10 9 7 9 8 9 8 10 9 7 9 8 9 8 10 9 7 9 8 9 8 10 9 0 0 0 0 0 7 9 8 9 8 10 9 0 0 0 0 0 7 9 8 9 8 10 9 0 0 0 0 0 7 9 8 9 8 10 9 0 0 0 0 0 7 9 8 9 8 10 9 0 0 0 0 0 7 9 8 9 8 10 9 
3998059 30 0 0 0 0 0 0 0 7 9 7 9 9 9 9 7 9 7 9 9 9 9 7 9 7 9 9 9 9 7 9 7 9 9 9 9 7 9 7 9 9 9 9 7 9 7 9 9 9 9 7 9 7 9 9 9 9 7 9 7 9 9 9 9 7 9 7 9 9 9 9 7 9 7 9 9 9 9 7 9 7 9 9 9 9 7 9 7 9 9 9 9 0 0 0 0 0 7 9 7 9 9 9 9 0 0 0 0 0 7 9 7 9 9 9 9 0 0 0 0 0 7 9 7 9 9 9 9 0 0 0 0 0 7 9 7 9 9 9 9 0 0 0 0 0 7 9 7 9 9 9 9 
3998059 31 0 0 0 0 0 0 0 7 8 9 10 9 9 8 7 8 9 10 9 9 8 7 8 9 10 9 9 8 7 8 9 10 9 9 8 7 8 9 10 9 9 8 7 8 9 10 9 9 8 7 8 9 10 9 9 8 7 8 9 10 9 9 8 7 8 9 10 9 9 8 7 8 9 10 9 9 8 7 8 9 10 9 9 8 7 8 9 10 9 9 8 0 0 0 0 0 7 8 9 10 9 9 8 0 0 0 0 0 7 8 9 10 9 9 8 0 0 0 0 0 7 8 9 10 9 9 8 0 0 0 0 0 7 8 9 10 9 9 8 0 0 0 0 0 7 8 9 10 9 9 8 
3998059 32 0 0 0 0 0 0 0 6 9 10 9 10 10 10 6 9 10 9 10 10 10 6 9 10 9 10 10 10 6 9 10 9 10 10 10 6 9 10 9 10 10 10 6 9 10 9 10 10 10 6 9 10 9 10 10 10 6 9 10 9 10 10 10 6 9 10 9 10 10 10 6 9 10 9 10 10 10 6 9 10 9 10 10 10 6 9 10 9 10 10 10 0 0 0 0 0 6 9 10 9 10 10 10 0 0 0 0 0 6 9 10 9 10 10 10 0 0 0 0 0 6 9 10 9 10 10 10 0 0 0 0 0 6 9 10 9 10 10 10 0 0 0 0 0 6 9 10 9 10 10 10 
3998059 33 0 0 0 0 0 0 0 6 10 8 10 10 10 10 6 10 8 10 10 10 10 6 10 8 10 10 10 10 6 10 8 10 10 10 10 6 10 8 10 10 10 10 6 10 8 10 10 10 10 6 10 8 10 10 10 10 6 10 8 10 10 10 10 6 10 8 10 10 10 10 6 10 8 10 10 10 10 6 10 8 10 10 10 10 6 10 8 10 10 10 10 0 0 0 0 0 6 10 8 10 10 10 10 0 0 0 0 0 6 10 8 10 10 10 10 0 0 0 0 0 6 10 8 10 10 10 10 0 0 0 0 0 6 10 8 10 10 10 10 0 0 0 0 0 6 10 8 10 10 10 10 
3998059 34 0 0 0 0 0 0 0 7 9 8 10 8 10 9 7 9 8 10 8 10 9 7 9 8 10 8 10 9 7 9 8 10 8 10 9 7 9 8 10 8 10 9 7 9 8 10 8 10 9 7 9 8 10 8 10 9 7 9 8 10 8 10 9 7 9 8 10 8 10 9 7 9 8 10 8 10 9 7 9 8 10 8 10 9 7 9 8 10 8 10 9 0 0 0 0 0 7 9 8 10 8 10 9 0 0 0 0 0 7 9 8 10 8 10 9 0 0 0 0 0 7 9 8 10 8 10 9 0 0 0 0 0 7 9 8 10 8 10 9 0 0 0 0 0 7 9 8 10 8 10 9 
3998059 35 0 0 0 0 0 0 0 5 10 10 10 10 9 8 5 10 10 10 10 9 8 5 10 10 10 10 9 8 5 10 10 10 10 9 8 5 10 10 10 10 9 8 5 10 10 10 10 9 8 5 10 10 10 10 9 8 5 10 10 10 10 9 8 5 10 10 10 10 9 8 5 10 10 10 10 9 8 5 10 10 10 10 9 8 5 10 10 10 10 9 8 0 0 0 0 0 5 10 10 10 10 9 8 0 0 0 0 0 5 10 10 10 10 9 8 0 0 0 0 0 5 10 10 10 10 9 8 0 0 0 0 0 5 10 10 10 10 9 8 0 0 0 0 0 5 10 10 10 10 9 8 
3998059 36 0 0 0 0 0 0 0 5 10 10 10 10 9 8 5 10 10 10 10 9 8 5 10 10 10 10 9 8 5 10 10 10 10 9 8 5 10 10 10 10 9 8 5 10 10 10 10 9 8 5 10 10 10 10 9 8 5 10 10 10 10 9 8 5 10 10 10 10 9 8 5 10 10 10 10 9 8 5 10 10 10 10 9 8 5 10 10 10 10 9 8 0 0 0 0 0 5 10 10 10 10 9 8 0 0 0 0 0 5 10 10 10 10 9 8 0 0 0 0 0 5 10 10 10 10 9 8 0 0 0 0 0 5 10 10 10 10 9 8 0 0 0 0 0 5 10 10 10 10 9 8 
3998059 37 0 0 0 0 0 0 0 5 10 8 10 10 8 8 5 10 8 10 10 8 8 5 10 8 10 10 8 8 5 10 8 10 10 8 8 5 10 8 10 10 8 8 5 10 8 10 10 8 8 5 10 8 10 10 8 8 5 10 8 10 10 8 8 5 10 8 10 10 8 8 5 10 8 10 10 8 8 5 10 8 10 10 8 8 5 10 8 10 10 8 8 0 0 0 0 0 5 10 8 10 10 8 8 0 0 0 0 0 5 10 8 10 10 8 8 0 0 0 0 0 5 10 8 10 10 8 8 0 0 0 0 0 5 10 8 10 10 8 8 0 0 0 0 0 5 10 8 10 10 8 8 
3998059 38 0 0 0 0 0 0 0 5 9 8 10 8 8 8 5 9 8 10 8 8 8 5 9 8 10 8 8 8 5 9 8 10 8 8 8 5 9 8 10 8 8 8 5 9 8 10 8 8 8 5 9 8 10 8 8 8 5 9 8 10 8 8 8 5 9 8 10 8 8 8 5 9 8 10 8 8 8 5 9 8 10 8 8 8 5 9 8 10 8 8 8 0 0 0 0 0 5 9 8 10 8 8 8 0 0 0 0 0 5 9 8 10 8 8 8 0 0 0 0 0 5 9 8 10 8 8 8 0 0 0 0 0 5 9 8 10 8 8 8 0 0 0 0 0 5 9 8 10 8 8 8 
3998059 39 0 0 0 0 0 0 0 6 8 8 9 9 9 8 6 8 8 9 9 9 8 6 8 8 9 9 9 8 6 8 8 9 9 9 8 6 8 8 9 9 9 8 6 8 8 9 9 9 8 6 8 8 9 9 9 8 6 8 8 9 9 9 8 6 8 8 9 9 9 8 6 8 8 9 9 9 8 6 8 8 9 9 9 8 6 8 8 9 9 9 8 0 0 0 0 0 6 8 8 9 9 9 8 0 0 0 0 0 6 8 8 9 9 9 8 0 0 0 0 0 6 8 8 9 9 9 8 0 0 0 0 0 6 8 8 9 9 9 8 0 0 0 0 0 6 8 8 9 9 9 8 
3998059 40 0 0 0 0 0 0 0 6 8 8 8 8 8 9 6 8 8 8 8 8 9 6 8 8 8 8 8 9 6 8 8 8 8 8 9 6 8 8 8 8 8 9 6 8 8 8 8 8 9 6 8 8 8 8 8 9 6 8 8 8 8 8 9 6 8 8 8 8 8 9 6 8 8 8 8 8 9 6 8 8 8 8 8 9 6 8 8 8 8 8 9 0 0 0 0 0 6 8 8 8 8 8 9 0 0 0 0 0 6 8 8 8 8 8 9 0 0 0 0 0 6 8 8 8 8 8 9 0 0 0 0 0 6 8 8 8 8 8 9 0 0 0 0 0 6 8 8 8 8 8 9 
3998059 41 0 0 0 0 0 0 0 4 9 8 10 9 10 10 4 9 8 10 9 10 10 4 9 8 10 9 10 10 4 9 8 10 9 10 10 4 9 8 10 9 10 10 4 9 8 10 9 10 10 4 9 8 10 9 10 10 4 9 8 10 9 10 10 4 9 8 10 9 10 10 4 9 8 10 9 10 10 4 9 8 10 9 10 10 4 9 8 10 9 10 10 0 0 0 0 0 4 9 8 10 9 10 10 0 0 0 0 0 4 9 8 10 9 10 10 0 0 0 0 0 4 9 8 10 9 10 10 0 0 0 0 0 4 9 8 10 9 10 10 0 0 0 0 0 4 9 8 10 9 10 10 
3998059 42 0 0 0 0 0 0 0 4 9 9 10 9 10 10 4 9 9 10 9 10 10 4 9 9 10 9 10 10 4 9 9 10 9 10 10 4 9 9 10 9 10 10 4 9 9 10 9 10 10 4 9 9 10 9 10 10 4 9 9 10 9 10 10 4 9 9 10 9 10 10 4 9 9 10 9 10 10 4 9 9 10 9 10 10 4 9 9 10 9 10 10 0 0 0 0 0 4 9 9 10 9 10 10 0 0 0 0 0 4 9 9 10 9 10 10 0 0 0 0 0 4 9 9 10 9 10 10 0 0 0 0 0 4 9 9 10 9 10 10 0 0 0 0 0 4 9 9 10 9 10 10 
3998059 43 0 0 0 0 0 0 0 4 10 10 9 9 10 10 4 10 10 9 9 10 10 4 10 10 9 9 10 10 4 10 10 9 9 10 10 4 10 10 9 9 10 10 4 10 10 9 9 10 10 4 10 10 9 9 10 10 4 10 10 9 9 10 10 4 10 10 9 9 10 10 4 10 10 9 9 10 10 4 10 10 9 9 10 10 4 10 10 9 9 10 10 0 0 0 0 0 4 10 10 9 9 10 10 0 0 0 0 0 4 10 10 9 9 10 10 0 0 0 0 0 4 10 10 9 9 10 10 0 0 0 0 0 4 10 10 9 9 10 10 0 0 0 0 0 4 10 10 9 9 10 10 
3998059 44 0 0 0 0 0 0 0 4 10 10 9 9 10 10 4 10 10 9 9 10 10 4 10 10 9 9 10 10 4 10 10 9 9 10 10 4 10 10 9 9 10 10 4 10 10 9 9 10 10 4 10 10 9 9 10 10 4 10 10 9 9 10 10 4 10 10 9 9 10 10 4 10 10 9 9 10 10 4 10 10 9 9 10 10 4 10 10 9 9 10 10 0 0 0 0 0 4 10 10 9 9 10 10 0 0 0 0 0 4 10 10 9 9 10 10 0 0 0 0 0 4 10 10 9 9 10 10 0 0 0 0 0 4 10 10 9 9 10 10 0 0 0 0 0 4 10 10 9 9 10 10 
3998059 45 0 0 0 0 0 0 0 5 9 9 9 10 9 10 5 9 9 9 10 9 10 5 9 9 9 10 9 10 5 9 9 9 10 9 10 5 9 9 9 10 9 10 5 9 9 9 10 9 10 5 9 9 9 10 9 10 5 9 9 9 10 9 10 5 9 9 9 10 9 10 5 9 9 9 10 9 10 5 9 9 9 10 9 10 5 9 9 9 10 9 10 0 0 0 0 0 5 9 9 9 10 9 10 0 0 0 0 0 5 9 9 9 10 9 10 0 0 0 0 0 5 9 9 9 10 9 10 0 0 0 0 0 5 9 9 9 10 9 10 0 0 0 0 0 5 9 9 9 10 9 10 
3998059 46 0 0 0 0 0 0 0 4 10 10 9 9 10 9 4 10 10 9 9 10 9 4 10 10 9 9 10 9 4 10 10 9 9 10 9 4 10 10 9 9 10 9 4 10 10 9 9 10 9 4 10 10 9 9 10 9 4 10 10 9 9 10 9 4 10 10 9 9 10 9 4 10 10 9 9 10 9 4 10 10 9 9 10 9 4 10 10 9 9 10 9 0 0 0 0 0 4 10 10 9 9 10 9 0 0 0 0 0 4 10 10 9 9 10 9 0 0 0 0 0 4 10 10 9 9 10 9 0 0 0 0 0 4 10 10 9 9 10 9 0 0 0 0 0 4 10 10 9 9 10 9 
3998059 47 0 0 0 0 0 0 0 5 10 8 9 10 10 10 5 10 8 9 10 10 10 5 10 8 9 10 10 10 5 10 8 9 10 10 10 5 10 8 9 10 10 10 5 10 8 9 10 10 10 5 10 8 9 10 10 10 5 10 8 9 10 10 10 5 10 8 9 10 10 10 5 10 8 9 10 10 10 5 10 8 9 10 10 10 5 10 8 9 10 10 10 0 0 0 0 0 5 10 8 9 10 10 10 0 0 0 0 0 5 10 8 9 10 10 10 0 0 0 0 0 5 10 8 9 10 10 10 0 0 0 0 0 5 10 8 9 10 10 10 0 0 0 0 0 5 10 8 9 10 10 10 
3998059 48 0 0 0 0 0 0 0 4 10 10 9 9 10 9 4 10 10 9 9 10 9 4 10 10 9 9 10 9 4 10 10 9 9 10 9 4 10 10 9 9 10 9 4 10 10 9 9 10 9 4 10 10 9 9 10 9 4 10 10 9 9 10 9 4 10 10 9 9 10 9 4 10 10 9 9 10 9 4 10 10 9 9 10 9 4 10 10 9 9 10 9 0 0 0 0 0 4 10 10 9 9 10 9 0 0 0 0 0 4 10 10 9 9 10 9 0 0 0 0 0 4 10 10 9 9 10 9 0 0 0 0 0 4 10 10 9 9 10 9 0 0 0 0 0 4 10 10 9 9 10 9 
3998059 49 0 0 0 0 0 0 0 4 10 10 9 9 10 9 4 10 10 9 9 10 9 4 10 10 9 9 10 9 4 10 10 9 9 10 9 4 10 10 9 9 10 9 4 10 10 9 9 10 9 4 10 10 9 9 10 9 4 10 10 9 9 10 9 4 10 10 9 9 10 9 4 10 10 9 9 10 9 4 10 10 9 9 10 9 4 10 10 9 9 10 9 0 0 0 0 0 4 10 10 9 9 10 9 0 0 0 0 0 4 10 10 9 9 10 9 0 0 0 0 0 4 10 10 9 9 10 9 0 0 0 0 0 4 10 10 9 9 10 9 0 0 0 0 0 4 10 10 9 9 10 9 
3998059 50 0 0 0 0 0 0 0 4 9 9 10 9 8 8 4 9 9 10 9 8 8 4 9 9 10 9 8 8 4 9 9 10 9 8 8 4 9 9 10 9 8 8 4 9 9 10 9 8 8 4 9 9 10 9 8 8 4 9 9 10 9 8 8 4 9 9 10 9 8 8 4 9 9 10 9 8 8 4 9 9 10 9 8 8 4 9 9 10 9 8 8 0 0 0 0 0 4 9 9 10 9 8 8 0 0 0 0 0 4 9 9 10 9 8 8 0 0 0 0 0 4 9 9 10 9 8 8 0 0 0 0 0 4 9 9 10 9 8 8 0 0 0 0 0 4 9 9 10 9 8 8 
3998059 51 0 0 0 0 0 0 0 5 9 9 10 8 8 8 5 9 9 10 8 8 8 5 9 9 10 8 8 8 5 9 9 10 8 8 8 5 9 9 10 8 8 8 5 9 9 10 8 8 8 5 9 9 10 8 8 8 5 9 9 10 8 8 8 5 9 9 10 8 8 8 5 9 9 10 8 8 8 5 9 9 10 8 8 8 5 9 9 10 8 8 8 0 0 0 0 0 5 9 9 10 8 8 8 0 0 0 0 0 5 9 9 10 8 8 8 0 0 0 0 0 5 9 9 10 8 8 8 0 0 0 0 0 5 9 9 10 8 8 8 0 0 0 0 0 5 9 9 10 8 8 8 
3998059 52 0 0 0 0 0 0 0 5 9 9 10 8 8 8 5 9 9 10 8 8 8 5 9 9 10 8 8 8 5 9 9 10 8 8 8 5 9 9 10 8 8 8 5 9 9 10 8 8 8 5 9 9 10 8 8 8 5 9 9 10 8 8 8 5 9 9 10 8 8 8 5 9 9 10 8 8 8 5 9 9 10 8 8 8 5 9 9 10 8 8 8 0 0 0 0 0 5 9 9 10 8 8 8 0 0 0 0 0 5 9 9 10 8 8 8 0 0 0 0 0 5 9 9 10 8 8 8 0 0 0 0 0 5 9 9 10 8 8 8 0 0 0 0 0 5 9 9 10 8 8 8 
3998059 53 0 0 0 0 0 0 0 5 9 9 10 8 8 8 5 9 9 10 8 8 8 5 9 9 10 8 8 8 5 9 9 10 8 8 8 5 9 9 10 8 8 8 5 9 9 10 8 8 8 5 9 9 10 8 8 8 5 9 9 10 8 8 8 5 9 9 10 8 8 8 5 9 9 10 8 8 8 5 9 9 10 8 8 8 5 9 9 10 8 8 8 0 0 0 0 0 5 9 9 10 8 8 8 0 0 0 0 0 5 9 9 10 8 8 8 0 0 0 0 0 5 9 9 10 8 8 8 0 0 0 0 0 5 9 9 10 8 8 8 0 0 0 0 0 5 9 9 10 8 8 8 
3998059 54 0 0 0 0 0 0 0 5 9 8 10 10 8 9 5 9 8 10 10 8 9 5 9 8 10 10 8 9 5 9 8 10 10 8 9 5 9 8 10 10 8 9 5 9 8 10 10 8 9 5 9 8 10 10 8 9 5 9 8 10 10 8 9 5 9 8 10 10 8 9 5 9 8 10 10 8 9 5 9 8 10 10 8 9 5 9 8 10 10 8 9 0 0 0 0 0 5 9 8 10 10 8 9 0 0 0 0 0 5 9 8 10 10 8 9 0 0 0 0 0 5 9 8 10 10 8 9 0 0 0 0 0 5 9 8 10 10 8 9 0 0 0 0 0 5 9 8 10 10 8 9 
3998059 55 0 0 0 0 0 0 0 5 9 8 10 10 9 9 5 9 8 10 10 9 9 5 9 8 10 10 9 9 5 9 8 10 10 9 9 5 9 8 10 10 9 9 5 9 8 10 10 9 9 5 9 8 10 10 9 9 5 9 8 10 10 9 9 5 9 8 10 10 9 9 5 9 8 10 10 9 9 5 9 8 10 10 9 9 5 9 8 10 10 9 9 0 0 0 0 0 5 9 8 10 10 9 9 0 0 0 0 0 5 9 8 10 10 9 9 0 0 0 0 0 5 9 8 10 10 9 9 0 0 0 0 0 5 9 8 10 10 9 9 0 0 0 0 0 5 9 8 10 10 9 9 
3998059 56 0 0 0 0 0 0 0 5 10 8 9 9 10 10 5 10 8 9 9 10 10 5 10 8 9 9 10 10 5 10 8 9 9 10 10 5 10 8 9 9 10 10 5 10 8 9 9 10 10 5 10 8 9 9 10 10 5 10 8 9 9 10 10 5 10 8 9 9 10 10 5 10 8 9 9 10 10 5 10 8 9 9 10 10 5 10 8 9 9 10 10 0 0 0 0 0 5 10 8 9 9 10 10 0 0 0 0 0 5 10 8 9 9 10 10 0 0 0 0 0 5 10 8 9 9 10 10 0 0 0 0 0 5 10 8 9 9 10 10 0 0 0 0 0 5 10 8 9 9 10 10 
3998059 57 0 0 0 0 0 0 0 5 9 9 9 9 10 10 5 9 9 9 9 10 10 5 9 9 9 9 10 10 5 9 9 9 9 10 10 5 9 9 9 9 10 10 5 9 9 9 9 10 10 5 9 9 9 9 10 10 5 9 9 9 9 10 10 5 9 9 9 9 10 10 5 9 9 9 9 10 10 5 9 9 9 9 10 10 5 9 9 9 9 10 10 0 0 0 0 0 5 9 9 9 9 10 10 0 0 0 0 0 5 9 9 9 9 10 10 0 0 0 0 0 5 9 9 9 9 10 10 0 0 0 0 0 5 9 9 9 9 10 10 0 0 0 0 0 5 9 9 9 9 10 10 
3998059 58 0 0 0 0 0 0 0 5 8 9 9 9 10 8 5 8 9 9 9 10 8 5 8 9 9 9 10 8 5 8 9 9 9 10 8 5 8 9 9 9 10 8 5 8 9 9 9 10 8 5 8 9 9 9 10 8 5 8 9 9 9 10 8 5 8 9 9 9 10 8 5 8 9 9 9 10 8 5 8 9 9 9 10 8 5 8 9 9 9 10 8 0 0 0 0 0 5 8 9 9 9 10 8 0 0 0 0 0 5 8 9 9 9 10 8 0 0 0 0 0 5 8 9 9 9 10 8 0 0 0 0 0 5 8 9 9 9 10 8 0 0 0 0 0 5 8 9 9 9 10 8 
3998059 59 0 0 0 0 0 0 0 5 8 9 9 9 9 9 5 8 9 9 9 9 9 5 8 9 9 9 9 9 5 8 9 9 9 9 9 5 8 9 9 9 9 9 5 8 9 9 9 9 9 5 8 9 9 9 9 9 5 8 9 9 9 9 9 5 8 9 9 9 9 9 5 8 9 9 9 9 9 5 8 9 9 9 9 9 5 8 9 9 9 9 9 0 0 0 0 0 5 8 9 9 9 9 9 0 0 0 0 0 5 8 9 9 9 9 9 0 0 0 0 0 5 8 9 9 9 9 9 0 0 0 0 0 5 8 9 9 9 9 9 0 0 0 0 0 5 8 9 9 9 9 9 
3998828 0 0 0 0 0 0 0 0 6 9 10 10 10 10 9 6 9 10 10 10 10 9 6 9 10 10 10 10 9 6 9 10 10 10 10 9 6 9 10 10 10 10 9 6 9 10 10 10 10 9 6 9 10 10 10 10 9 6 9 10 10 10 10 9 6 9 10 10 10 10 9 6 9 10 10 10 10 9 6 9 10 10 10 10 9 6 9 10 10 10 10 9 0 0 0 0 0 6 9 10 10 10 10 9 0 0 0 0 0 6 9 10 10 10 10 9 0 0 0 0 0 6 9 10 10 10 10 9 0 0 0 0 0 6 9 10 10 10 10 9 0 0 0 0 0 6 9 10 10 10 10 9 
3998828 1 0 0 0 0 0 0 0 6 9 10 10 10 10 9 6 9 10 10 10 10 9 6 9 10 10 10 10 9 6 9 10 10 10 10 9 6 9 10 10 10 10 9 6 9 10 10 10 10 9 6 9 10 10 10 10 9 6 9 10 10 10 10 9 6 9 10 10 10 10 9 6 9 10 10 10 10 9 6 9 10 10 10 10 9 6 9 10 10 10 10 9 0 0 0 0 0 6 9 10 10 10 10 9 0 0 0 0 0 6 9 10 10 10 10 9 0 0 0 0 0 6 9 10 10 10 10 9 0 0 0 0 0 6 9 10 10 10 10 9 0 0 0 0 0 6 9 10 10 10 10 9 
3998828 2 0 0 0 0 0 0 0 7 10 10 10 10 10 8 7 10 10 10 10 10 8 7 10 10 10 10 10 8 7 10 10 10 10 10 8 7 10 10 10 10 10 8 7 10 10 10 10 10 8 7 10 10 10 10 10 8 7 10 10 10 10 10 8 7 10 10 10 10 10 8 7 10 10 10 10 10 8 7 10 10 10 10 10 8 7 10 10 10 10 10 8 0 0 0 0 0 7 10 10 10 10 10 8 0 0 0 0 0 7 10 10 10 10 10 8 0 0 0 0 0 7 10 10 10 10 10 8 0 0 0 0 0 7 10 10 10 10 10 8 0 0 0 0 0 7 10 10 10 10 10 8 
3998828 3 0 0 0 0 0 0 0 8 10 10 9 9 10 8 8 10 10 9 9 10 8 8 10 10 9 9 10 8 8 10 10 9 9 10 8 8 10 10 9 9 10 8 8 10 10 9 9 10 8 8 10 10 9 9 10 8 8 10 10 9 9 10 8 8 10 10 9 9 10 8 8 10 10 9 9 10 8 8 10 10 9 9 10 8 8 10 10 9 9 10 8 0 0 0 0 0 8 10 10 9 9 10 8 0 0 0 0 0 8 10 10 9 9 10 8 0 0 0 0 0 8 10 10 9 9 10 8 0 0 0 0 0 8 10 10 9 9 10 8 0 0 0 0 0 8 10 10 9 9 10 8 
3998828 4 0 0 0 0 0 0 0 8 10 10 8 9 10 8 8 10 10 8 9 10 8 8 10 10 8 9 10 8 8 10 10 8 9 10 8 8 10 10 8 9 10 8 8 10 10 8 9 10 8 8 10 10 8 9 10 8 8 10 10 8 9 10 8 8 10 10 8 9 10 8 8 10 10 8 9 10 8 8 10 10 8 9 10 8 8 10 10 8 9 10 8 0 0 0 0 0 8 10 10 8 9 10 8 0 0 0 0 0 8 10 10 8 9 10 8 0 0 0 0 0 8 10 10 8 9 10 8 0 0 0 0 0 8 10 10 8 9 10 8 0 0 0 0 0 8 10 10 8 9 10 8 
3998828 5 0 0 0 0 0 0 0 8 10 10 10 10 10 9 8 10 10 10 10 10 9 8 10 10 10 10 10 9 8 10 10 10 10 10 9 8 10 10 10 10 10 9 8 10 10 10 10 10 9 8 10 10 10 10 10 9 8 10 10 10 10 10 9 8 10 10 10 10 10 9 8 10 10 10 10 10 9 8 10 10 10 10 10 9 8 10 10 10 10 10 9 0 0 0 0 0 8 10 10 10 10 10 9 0 0 0 0 0 8 10 10 10 10 10 9 0 0 0 0 0 8 10 10 10 10 10 9 0 0 0 0 0 8 10 10 10 10 10 9 0 0 0 0 0 8 10 10 10 10 10 9 
3998828 6 0 0 0 0 0 0 0 6 10 10 10 10 8 8 6 10 10 10 10 8 8 6 10 10 10 10 8 8 6 10 10 10 10 8 8 6 10 10 10 10 8 8 6 10 10 10 10 8 8 6 10 10 10 10 8 8 6 10 10 10 10 8 8 6 10 10 10 10 8 8 6 10 10 10 10 8 8 6 10 10 10 10 8 8 6 10 10 10 10 8 8 0 0 0 0 0 6 10 10 10 10 8 8 0 0 0 0 0 6 10 10 10 10 8 8 0 0 0 0 0 6 10 10 10 10 8 8 0 0 0 0 0 6 10 10 10 10 8 8 0 0 0 0 0 6 10 10 10 10 8 8 
3998828 7 0 0 0 0 0 0 0 6 10 10 10 10 8 8 6 10 10 10 10 8 8 6 10 10 10 10 8 8 6 10 10 10 10 8 8 6 10 10 10 10 8 8 6 10 10 10 10 8 8 6 10 10 10 10 8 8 6 10 10 10 10 8 8 6 10 10 10 10 8 8 6 10 10 10 10 8 8 6 10 10 10 10 8 8 6 10 10 10 10 8 8 0 0 0 0 0 6 10 10 10 10 8 8 0 0 0 0 0 6 10 10 10 10 8 8 0 0 0 0 0 6 10 10 10 10 8 8 0 0 0 0 0 6 10 10 10 10 8 8 0 0 0 0 0 6 10 10 10 10 8 8 
3998828 8 0 0 0 0 0 0 0 8 10 10 10 10 9 10 8 10 10 10 10 9 10 8 10 10 10 10 9 10 8 10 10 10 10 9 10 8 10 10 10 10 9 10 8 10 10 10 10 9 10 8 10 10 10 10 9 10 8 10 10 10 10 9 10 8 10 10 10 10 9 10 8 10 10 10 10 9 10 8 10 10 10 10 9 10 8 10 10 10 10 9 10 0 0 0 0 0 8 10 10 10 10 9 10 0 0 0 0 0 8 10 10 10 10 9 10 0 0 0 0 0 8 10 10 10 10 9 10 0 0 0 0 0 8 10 10 10 10 9 10 0 0 0 0 0 8 10 10 10 10 9 10 
3998828 9 0 0 0 0 0 0 0 8 10 9 10 10 8 10 8 10 9 10 10 8 10 8 10 9 10 10 8 10 8 10 9 10 10 8 10 8 10 9 10 10 8 10 8 10 9 10 10 8 10 8 10 9 10 10 8 10 8 10 9 10 10 8 10 8 10 9 10 10 8 10 8 10 9 10 10 8 10 8 10 9 10 10 8 10 8 10 9 10 10 8 10 0 0 0 0 0 8 10 9 10 10 8 10 0 0 0 0 0 8 10 9 10 10 8 10 0 0 0 0 0 8 10 9 10 10 8 10 0 0 0 0 0 8 10 9 10 10 8 10 0 0 0 0 0 8 10 9 10 10 8 10 
3998828 10 0 0 0 0 0 0 0 8 10 10 10 10 8 10 8 10 10 10 10 8 10 8 10 10 10 10 8 10 8 10 10 10 10 8 10 8 10 10 10 10 8 10 8 10 10 10 10 8 10 8 10 10 10 10 8 10 8 10 10 10 10 8 10 8 10 10 10 10 8 10 8 10 10 10 10 8 10 8 10 10 10 10 8 10 8 10 10 10 10 8 10 0 0 0 0 0 8 10 10 10 10 8 10 0 0 0 0 0 8 10 10 10 10 8 10 0 0 0 0 0 8 10 10 10 10 8 10 0 0 0 0 0 8 10 10 10 10 8 10 0 0 0 0 0 8 10 10 10 10 8 10 
3998828 11 0 0 0 0 0 0 0 9 8 10 9 8 10 8 9 8 10 9 8 10 8 9 8 10 9 8 10 8 9 8 10 9 8 10 8 9 8 10 9 8 10 8 9 8 10 9 8 10 8 9 8 10 9 8 10 8 9 8 10 9 8 10 8 9 8 10 9 8 10 8 9 8 10 9 8 10 8 9 8 10 9 8 10 8 9 8 10 9 8 10 8 0 0 0 0 0 9 8 10 9 8 10 8 0 0 0 0 0 9 8 10 9 8 10 8 0 0 0 0 0 9 8 10 9 8 10 8 0 0 0 0 0 9 8 10 9 8 10 8 0 0 0 0 0 9 8 10 9 8 10 8 
3998828 12 0 0 0 0 0 0 0 9 9 10 10 8 10 9 9 9 10 10 8 10 9 9 9 10 10 8 10 9 9 9 10 10 8 10 9 9 9 10 10 8 10 9 9 9 10 10 8 10 9 9 9 10 10 8 10 9 9 9 10 10 8 10 9 9 9 10 10 8 10 9 9 9 10 10 8 10 9 9 9 10 10 8 10 9 9 9 10 10 8 10 9 0 0 0 0 0 9 9 10 10 8 10 9 0 0 0 0 0 9 9 10 10 8 10 9 0 0 0 0 0 9 9 10 10 8 10 9 0 0 0 0 0 9 9 10 10 8 10 9 0 0 0 0 0 9 9 10 10 8 10 9 
3998828 13 0 0 0 0 0 0 0 8 10 10 10 10 9 10 8 10 10 10 10 9 10 8 10 10 10 10 9 10 8 10 10 10 10 9 10 8 10 10 10 10 9 10 8 10 10 10 10 9 10 8 10 10 10 10 9 10 8 10 10 10 10 9 10 8 10 10 10 10 9 10 8 10 10 10 10 9 10 8 10 10 10 10 9 10 8 10 10 10 10 9 10 0 0 0 0 0 8 10 10 10 10 9 10 0 0 0 0 0 8 10 10 10 10 9 10 0 0 0 0 0 8 10 10 10 10 9 10 0 0 0 0 0 8 10 10 10 10 9 10 0 0 0 0 0 8 10 10 10 10 9 10 
3998828 14 0 0 0 0 0 0 0 9 9 10 10 9 10 8 9 9 10 10 9 10 8 9 9 10 10 9 10 8 9 9 10 10 9 10 8 9 9 10 10 9 10 8 9 9 10 10 9 10 8 9 9 10 10 9 10 8 9 9 10 10 9 10 8 9 9 10 10 9 10 8 9 9 10 10 9 10 8 9 9 10 10 9 10 8 9 9 10 10 9 10 8 0 0 0 0 0 9 9 10 10 9 10 8 0 0 0 0 0 9 9 10 10 9 10 8 0 0 0 0 0 9 9 10 10 9 10 8 0 0 0 0 0 9 9 10 10 9 10 8 0 0 0 0 0 9 9 10 10 9 10 8 
3998828 15 0 0 0 0 0 0 0 9 10 8 10 9 10 10 9 10 8 10 9 10 10 9 10 8 10 9 10 10 9 10 8 10 9 10 10 9 10 8 10 9 10 10 9 10 8 10 9 10 10 9 10 8 10 9 10 10 9 10 8 10 9 10 10 9 10 8 10 9 10 10 9 10 8 10 9 10 10 9 10 8 10 9 10 10 9 10 8 10 9 10 10 0 0 0 0 0 9 10 8 10 9 10 10 0 0 0 0 0 9 10 8 10 9 10 10 0 0 0 0 0 9 10 8 10 9 10 10 0 0 0 0 0 9 10 8 10 9 10 10 0 0 0 0 0 9 10 8 10 9 10 10 
3998828 16 0 0 0 0 0 0 0 9 9 9 9 8 10 8 9 9 9 9 8 10 8 9 9 9 9 8 10 8 9 9 9 9 8 10 8 9 9 9 9 8 10 8 9 9 9 9 8 10 8 9 9 9 9 8 10 8 9 9 9 9 8 10 8 9 9 9 9 8 10 8 9 9 9 9 8 10 8 9 9 9 9 8 10 8 9 9 9 9 8 10 8 0 0 0 0 0 9 9 9 9 8 10 8 0 0 0 0 0 9 9 9 9 8 10 8 0 0 0 0 0 9 9 9 9 8 10 8 0 0 0 0 0 9 9 9 9 8 10 8 0 0 0 0 0 9 9 9 9 8 10 8 
3998828 17 0 0 0 0 0 0 0 9 9 7 10 10 10 8 9 9 7 10 10 10 8 9 9 7 10 10 10 8 9 9 7 10 10 10 8 9 9 7 10 10 10 8 9 9 7 10 10 10 8 9 9 7 10 10 10 8 9 9 7 10 10 10 8 9 9 7 10 10 10 8 9 9 7 10 10 10 8 9 9 7 10 10 10 8 9 9 7 10 10 10 8 0 0 0 0 0 9 9 7 10 10 10 8 0 0 0 0 0 9 9 7 10 10 10 8 0 0 0 0 0 9 9 7 10 10 10 8 0 0 0 0 0 9 9 7 10 10 10 8 0 0 0 0 0 9 9 7 10 10 10 8 
3998828 18 0 0 0 0 0 0 0 7 9 9 9 8 8 10 7 9 9 9 8 8 10 7 9 9 9 8 8 10 7 9 9 9 8 8 10 7 9 9 9 8 8 10 7 9 9 9 8 8 10 7 9 9 9 8 8 10 7 9 9 9 8 8 10 7 9 9 9 8 8 10 7 9 9 9 8 8 10 7 9 9 9 8 8 10 7 9 9 9 8 8 10 0 0 0 0 0 7 9 9 9 8 8 10 0 0 0 0 0 7 9 9 9 8 8 10 0 0 0 0 0 7 9 9 9 8 8 10 0 0 0 0 0 7 9 9 9 8 8 10 0 0 0 0 0 7 9 9 9 8 8 10 
3998828 19 0 0 0 0 0 0 0 9 9 9 9 8 10 8 9 9 9 9 8 10 8 9 9 9 9 8 10 8 9 9 9 9 8 10 8 9 9 9 9 8 10 8 9 9 9 9 8 10 8 9 9 9 9 8 10 8 9 9 9 9 8 10 8 9 9 9 9 8 10 8 9 9 9 9 8 10 8 9 9 9 9 8 10 8 9 9 9 9 8 10 8 0 0 0 0 0 9 9 9 9 8 10 8 0 0 0 0 0 9 9 9 9 8 10 8 0 0 0 0 0 9 9 9 9 8 10 8 0 0 0 0 0 9 9 9 9 8 10 8 0 0 0 0 0 9 9 9 9 8 10 8 
3998828 20 0 0 0 0 0 0 0 9 9 9 9 8 10 9 9 9 9 9 8 10 9 9 9 9 9 8 10 9 9 9 9 9 8 10 9 9 9 9 9 8 10 9 9 9 9 9 8 10 9 9 9 9 9 8 10 9 9 9 9 9 8 10 9 9 9 9 9 8 10 9 9 9 9 9 8 10 9 9 9 9 9 8 10 9 9 9 9 9 8 10 9 0 0 0 0 0 9 9 9 9 8 10 9 0 0 0 0 0 9 9 9 9 8 10 9 0 0 0 0 0 9 9 9 9 8 10 9 0 0 0 0 0 9 9 9 9 8 10 9 0 0 0 0 0 9 9 9 9 8 10 9 
3998828 21 0 0 0 0 0 0 0 9 9 9 9 9 10 7 9 9 9 9 9 10 7 9 9 9 9 9 10 7 9 9 9 9 9 10 7 9 9 9 9 9 10 7 9 9 9 9 9 10 7 9 9 9 9 9 10 7 9 9 9 9 9 10 7 9 9 9 9 9 10 7 9 9 9 9 9 10 7 9 9 9 9 9 10 7 9 9 9 9 9 10 7 0 0 0 0 0 9 9 9 9 9 10 7 0 0 0 0 0 9 9 9 9 9 10 7 0 0 0 0 0 9 9 9 9 9 10 7 0 0 0 0 0 9 9 9 9 9 10 7 0 0 0 0 0 9 9 9 9 9 10 7 
3998828 22 0 0 0 0 0 0 0 9 8 8 10 10 10 8 9 8 8 10 10 10 8 9 8 8 10 10 10 8 9 8 8 10 10 10 8 9 8 8 10 10 10 8 9 8 8 10 10 10 8 9 8 8 10 10 10 8 9 8 8 10 10 10 8 9 8 8 10 10 10 8 9 8 8 10 10 10 8 9 8 8 10 10 10 8 9 8 8 10 10 10 8 0 0 0 0 0 9 8 8 10 10 10 8 0 0 0 0 0 9 8 8 10 10 10 8 0 0 0 0 0 9 8 8 10 10 10 8 0 0 0 0 0 9 8 8 10 10 10 8 0 0 0 0 0 9 8 8 10 10 10 8 
3998828 23 0 0 0 0 0 0 0 9 9 8 10 10 10 8 9 9 8 10 10 10 8 9 9 8 10 10 10 8 9 9 8 10 10 10 8 9 9 8 10 10 10 8 9 9 8 10 10 10 8 9 9 8 10 10 10 8 9 9 8 10 10 10 8 9 9 8 10 10 10 8 9 9 8 10 10 10 8 9 9 8 10 10 10 8 9 9 8 10 10 10 8 0 0 0 0 0 9 9 8 10 10 10 8 0 0 0 0 0 9 9 8 10 10 10 8 0 0 0 0 0 9 9 8 10 10 10 8 0 0 0 0 0 9 9 8 10 10 10 8 0 0 0 0 0 9 9 8 10 10 10 8 
3998828 24 0 0 0 0 0 0 0 9 10 7 10 8 10 10 9 10 7 10 8 10 10 9 10 7 10 8 10 10 9 10 7 10 8 10 10 9 10 7 10 8 10 10 9 10 7 10 8 10 10 9 10 7 10 8 10 10 9 10 7 10 8 10 10 9 10 7 10 8 10 10 9 10 7 10 8 10 10 9 10 7 10 8 10 10 9 10 7 10 8 10 10 0 0 0 0 0 9 10 7 10 8 10 10 0 0 0 0 0 9 10 7 10 8 10 10 0 0 0 0 0 9 10 7 10 8 10 10 0 0 0 0 0 9 10 7 10 8 10 10 0 0 0 0 0 9 10 7 10 8 10 10 
3998828 25 0 0 0 0 0 0 0 9 9 9 9 9 8 8 9 9 9 9 9 8 8 9 9 9 9 9 8 8 9 9 9 9 9 8 8 9 9 9 9 9 8 8 9 9 9 9 9 8 8 9 9 9 9 9 8 8 9 9 9 9 9 8 8 9 9 9 9 9 8 8 9 9 9 9 9 8 8 9 9 9 9 9 8 8 9 9 9 9 9 8 8 0 0 0 0 0 9 9 9 9 9 8 8 0 0 0 0 0 9 9 9 9 9 8 8 0 0 0 0 0 9 9 9 9 9 8 8 0 0 0 0 0 9 9 9 9 9 8 8 0 0 0 0 0 9 9 9 9 9 8 8 
3998828 26 0 0 0 0 0 0 0 9 10 9 8 8 10 9 9 10 9 8 8 10 9 9 10 9 8 8 10 9 9 10 9 8 8 10 9 9 10 9 8 8 10 9 9 10 9 8 8 10 9 9 10 9 8 8 10 9 9 10 9 8 8 10 9 9 10 9 8 8 10 9 9 10 9 8 8 10 9 9 10 9 8 8 10 9 9 10 9 8 8 10 9 0 0 0 0 0 9 10 9 8 8 10 9 0 0 0 0 0 9 10 9 8 8 10 9 0 0 0 0 0 9 10 9 8 8 10 9 0 0 0 0 0 9 10 9 8 8 10 9 0 0 0 0 0 9 10 9 8 8 10 9 
3998828 27 0 0 0 0 0 0 0 9 9 8 10 10 10 9 9 9 8 10 10 10 9 9 9 8 10 10 10 9 9 9 8 10 10 10 9 9 9 8 10 10 10 9 9 9 8 10 10 10 9 9 9 8 10 10 10 9 9 9 8 10 10 10 9 9 9 8 10 10 10 9 9 9 8 10 10 10 9 9 9 8 10 10 10 9 9 9 8 10 10 10 9 0 0 0 0 0 9 9 8 10 10 10 9 0 0 0 0 0 9 9 8 10 10 10 9 0 0 0 0 0 9 9 8 10 10 10 9 0 0 0 0 0 9 9 8 10 10 10 9 0 0 0 0 0 9 9 8 10 10 10 9 
3998828 28 0 0 0 0 0 0 0 9 8 8 10 10 10 9 9 8 8 10 10 10 9 9 8 8 10 10 10 9 9 8 8 10 10 10 9 9 8 8 10 10 10 9 9 8 8 10 10 10 9 9 8 8 10 10 10 9 9 8 8 10 10 10 9 9 8 8 10 10 10 9 9 8 8 10 10 10 9 9 8 8 10 10 10 9 9 8 8 10 10 10 9 0 0 0 0 0 9 8 8 10 10 10 9 0 0 0 0 0 9 8 8 10 10 10 9 0 0 0 0 0 9 8 8 10 10 10 9 0 0 0 0 0 9 8 8 10 10 10 9 0 0 0 0 0 9 8 8 10 10 10 9 
3998828 29 0 0 0 0 0 0 0 9 9 8 10 10 10 8 9 9 8 10 10 10 8 9 9 8 10 10 10 8 9 9 8 10 10 10 8 9 9 8 10 10 10 8 9 9 8 10 10 10 8 9 9 8 10 10 10 8 9 9 8 10 10 10 8 9 9 8 10 10 10 8 9 9 8 10 10 10 8 9 9 8 10 10 10 8 9 9 8 10 10 10 8 0 0 0 0 0 9 9 8 10 10 10 8 0 0 0 0 0 9 9 8 10 10 10 8 0 0 0 0 0 9 9 8 10 10 10 8 0 0 0 0 0 9 9 8 10 10 10 8 0 0 0 0 0 9 9 8 10 10 10 8 
3998828 30 0 0 0 0 0 0 0 9 10 7 8 8 10 10 9 10 7 8 8 10 10 9 10 7 8 8 10 10 9 10 7 8 8 10 10 9 10 7 8 8 10 10 9 10 7 8 8 10 10 9 10 7 8 8 10 10 9 10 7 8 8 10 10 9 10 7 8 8 10 10 9 10 7 8 8 10 10 9 10 7 8 8 10 10 9 10 7 8 8 10 10 0 0 0 0 0 9 10 7 8 8 10 10 0 0 0 0 0 9 10 7 8 8 10 10 0 0 0 0 0 9 10 7 8 8 10 10 0 0 0 0 0 9 10 7 8 8 10 10 0 0 0 0 0 9 10 7 8 8 10 10 
3998828 31 0 0 0 0 0 0 0 9 9 9 10 10 10 10 9 9 9 10 10 10 10 9 9 9 10 10 10 10 9 9 9 10 10 10 10 9 9 9 10 10 10 10 9 9 9 10 10 10 10 9 9 9 10 10 10 10 9 9 9 10 10 10 10 9 9 9 10 10 10 10 9 9 9 10 10 10 10 9 9 9 10 10 10 10 9 9 9 10 10 10 10 0 0 0 0 0 9 9 9 10 10 10 10 0 0 0 0 0 9 9 9 10 10 10 10 0 0 0 0 0 9 9 9 10 10 10 10 0 0 0 0 0 9 9 9 10 10 10 10 0 0 0 0 0 9 9 9 10 10 10 10 
