3997097 1 1 1 11
3997097 1 2 2 11
3997097 1 3 3 11
3997097 1 4 4 11
3997097 1 6 5 11
3997097 1 6 5 11
3997097 1 8 5 11
3997097 1 8 5 11
3997097 1 9 6 11
3997097 1 9 6 11
3998059 1 3 2 11
3998059 1 3 2 11
3998059 1 3 2 11
3998059 1 3 3 11
3998059 1 4 3 11
3998059 1 4 3 11
3998059 1 4 3 11
3998059 1 4 4 11
3998059 1 5 4 11
3998059 1 5 4 11
3998059 1 6 5 11
3998059 1 6 4 11
3998059 1 6 5 11
3998059 1 6 4 11
3998059 1 6 4 11
3998059 1 6 5 11
3998059 1 6 5 11
3998059 1 6 5 11
3998059 1 6 5 11
3998059 1 6 6 11
3998059 1 7 7 11
3998059 1 7 6 11
3998059 1 7 6 11
3998059 1 7 5 11
3998059 1 7 5 11
3998059 1 7 5 11
3998059 1 7 6 11
3998059 1 7 6 11
3998059 1 8 8 11
3998059 1 8 7 11
3998059 1 8 7 11
3998059 1 8 7 11
3998059 1 9 8 11
3998059 1 9 8 11
3998059 1 9 8 11
3998059 1 9 6 11
3998059 1 10 7 11
3998059 1 11 8 11
3998059 1 12 8 11
3998059 1 13 8 11
3998059 1 15 9 11
3998059 1 5 4 11
3998059 1 5 4 11
3998059 1 5 4 11
3998059 1 5 4 11
3998059 1 5 5 11
3998059 1 5 4 11
3998059 1 5 5 11
3998059 1 6 5 11
3998059 1 6 5 11
3998059 1 7 6 11
3998059 1 7 6 11
3998059 1 7 6 11
3998059 1 7 6 11
3998059 1 7 6 11
3998059 1 7 6 11
3998059 1 11 7 11
3998059 1 11 7 11
3998059 1 10 6 11
3998059 1 11 7 11
3998828 1 2 2 11
3998828 1 2 2 11
3998828 1 2 2 11
3998828 1 3 3 11
3998828 1 3 3 11
3998828 1 3 3 11
3998828 1 4 4 11
3998828 1 4 4 11
3998828 1 4 4 11
3998828 1 4 4 11
3998828 1 4 4 11
3998828 1 5 5 11
3998828 1 5 5 11
3998828 1 5 5 11
3998828 1 6 6 11
3998828 1 6 6 11
3998828 1 7 5 11
3998828 1 7 7 11
3998828 1 7 5 11
3998828 1 8 6 11
3998828 1 8 6 11
3998828 1 8 6 11
3998828 1 8 6 11
3998828 1 8 6 11
3998828 1 8 7 11
3998828 1 9 7 11
3998828 1 9 7 11
3998828 1 9 7 11
3998828 1 9 7 11
3998828 1 9 7 11
3998828 1 9 7 11
3998828 1 9 8 11
