3000003 1 1090 126 300
3000126 1 3290 396 920
3000189 1 1194 140 320
3000282 1 1577 179 420
3000714 1 650 79 180
3000781 1 746 82 200
3001203 1 2266 272 640
3001937 1 2571 329 760
3002094 1 813 95 220
3002511 1 490 62 140
3002546 1 380 45 100
3002645 1 298 36 80
3002762 1 2987 349 800
3003031 1 4722 554 1280
3003521 1 3043 352 820
3003650 1 987 122 280
3004021 1 1352 155 360
3004110 1 11604 1329 3080
3004751 1 580 71 160
3007488 1 1493 177 400
3007577 1 2517 291 660
3007580 1 70 9 20
3007696 1 70 9 20
3008006 1 67 8 20
3008634 1 3425 411 940
3008703 1 390 41 100
3009408 1 538 58 140
3009550 1 1554 177 420
3009600 1 430 53 120
3009603 1 1784 213 480
3009617 1 2175 261 600
3009858 1 138 17 40
3011022 1 320 36 80
3011342 1 441 51 120
3012395 1 5006 609 1400
3013262 1 8897 1038 2380
3013448 1 518 59 140
3013467 1 2346 294 680
3013550 1 1949 225 520
3013765 1 511 61 140
3014589 1 1841 221 500
3014629 1 1585 192 440
3014753 1 592 69 160
3015860 1 1211 132 320
3015984 1 1972 231 540
3016668 1 1764 191 460
3016819 1 222 27 60
3017361 1 1310 168 380
3017561 1 439 54 120
3017624 1 1740 209 480
3019302 1 1788 209 480
3019644 1 819 98 220
3019875 1 2096 261 600
3020531 1 210 26 60
3020620 1 1847 214 500
3021157 1 2886 334 780
3021334 1 140 17 40
3021685 1 1181 139 320
3022515 1 134 18 40
3022777 1 1879 225 520
3023009 1 3058 366 840
3023152 1 2461 289 660
3023441 1 2529 300 700
3024022 1 1063 120 280
3024912 1 2279 269 620
3026244 1 1264 146 340
3027112 1 935 112 260
3027562 1 955 113 260
3028507 1 1533 204 460
3029993 1 2024 233 540
3030369 1 434 52 120
3030439 1 144 18 40
3030445 1 9898 1189 2780
3030483 1 221 26 60
3030994 1 281 34 80
3031276 1 367 45 100
3031399 1 809 94 220
3032114 1 1835 213 500
3032298 1 787 98 220
3032496 1 306 33 80
3032690 1 993 121 280
3032717 1 1664 191 440
3032878 1 2023 239 540
3033109 1 369 44 100
3033201 1 502 61 140
3033492 1 521 61 140
3034102 1 5222 606 1420
3034353 1 211 27 60
3034458 1 731 88 200
3034488 1 226 27 60
3034499 1 75 9 20
3034606 1 1098 131 300
3034622 1 296 36 80
3034747 1 3974 470 1080
3034917 1 5052 602 1400
3034995 1 2521 306 700
3035117 1 379 45 100
3035329 1 2249 257 600
3035505 1 1055 125 280
3035806 1 1522 171 400
3035939 1 1697 200 460
3036777 1 213 25 60
3036854 1 2079 246 560
3037450 1 2047 262 600
3037576 1 1157 133 320
3037755 1 1579 201 460
3037834 1 7079 842 1960
3038387 1 655 77 180
3038595 1 9338 1146 2620
3039562 1 6127 722 1660
3039660 1 77 9 20
3040134 1 346 42 100
3040250 1 1036 123 280
3040255 1 971 123 280
3040359 1 1301 160 360
3040472 1 5584 661 1520
3040788 1 1272 164 380
3040812 1 598 71 160
3040942 1 4155 505 1160
3041147 1 274 36 80
3041277 1 142 17 40
3041423 1 513 61 140
3041935 1 934 111 260
3042059 1 2586 291 680
3042352 1 2309 276 640
3043324 1 2261 267 600
3043341 1 7530 890 2060
3043794 1 70 8 20
3043821 1 1541 185 420
3043892 1 3533 434 1000
3043939 1 133 17 40
3044228 1 160 18 40
3044370 1 641 78 180
3044543 1 937 117 260
3044646 1 453 53 120
3044659 1 223 26 60
3044717 1 5258 653 1520
3045004 1 378 44 100
3045253 1 2336 291 660
3045325 1 7277 869 2020
3045520 1 3231 368 860
3045836 1 1137 143 320
3045916 1 2687 320 720
3045953 1 597 71 160
3046261 1 220 27 60
3046370 1 1001 120 280
3046879 1 1036 134 300
3047369 1 3107 361 840
3047774 1 1347 147 360
3048142 1 3659 432 1000
3048499 1 1246 146 340
3048557 1 768 95 220
3048918 1 988 125 280
3049014 1 6719 798 1840
3049027 1 80 9 20
3049110 1 511 57 140
3049147 1 999 123 280
3049353 1 1748 205 460
3049981 1 219 26 60
3050079 1 364 44 100
3050088 1 975 112 260
3050235 1 2325 269 620
3051357 1 2417 293 680
3052213 1 663 79 180
3052554 1 1636 202 460
3052576 1 286 35 80
3052740 1 318 36 80
3052773 1 10824 1278 2960
3052808 1 948 113 260
3053156 1 2845 335 760
3053233 1 304 35 80
3053878 1 5563 667 1540
3054036 1 666 77 180
3054234 1 804 105 240
3054379 1 587 72 160
3054881 1 1276 147 340
3054941 1 1200 131 320
3055438 1 839 108 240
3055980 1 239 26 60
3056043 1 720 87 200
3056217 1 2326 270 620
3056911 1 2950 353 820
3057224 1 2465 308 720
3057311 1 1421 172 400
3057396 1 223 25 60
3057442 1 76 9 20
3057465 1 1532 181 420
3057553 1 1146 137 320
3057689 1 602 70 160
3057797 1 7818 919 2120
3058547 1 445 48 120
3058976 1 2941 359 840
3059385 1 370 41 100
3059473 1 630 78 180
3059835 1 213 26 60
3059889 1 2980 350 820
3060133 1 312 36 80
3060489 1 1251 149 340
3060722 1 2302 264 620
3060876 1 718 87 200
3061108 1 147 18 40
3061454 1 1581 189 440
3061984 1 9118 1060 2440
3062322 1 360 42 100
3062818 1 673 79 180
3063337 1 1378 166 380
3063367 1 1353 163 380
3063520 1 4061 498 1140
3063901 1 10647 1252 2880
3064179 1 1087 128 300
3064901 1 887 104 240
3066052 1 350 42 100
3066079 1 442 53 120
3066448 1 75 8 20
3066470 1 3231 390 900
3066921 1 68 9 20
3067247 1 635 80 180
3067648 1 2691 331 760
3068117 1 2014 242 560
3068280 1 1072 127 300
3069481 1 13008 1515 3480
3069805 1 4413 532 1220
3070486 1 2470 285 660
3070672 1 2487 312 720
3070740 1 217 27 60
3071190 1 1837 231 520
3071197 1 67 9 20
3071399 1 681 76 180
3072013 1 2384 287 660
3072350 1 363 40 100
3072393 1 1105 130 300
3073896 1 13875 1647 3780
3074949 1 240 25 60
3075144 1 68 8 20
3075179 1 220 26 60
3075349 1 4242 529 1220
3075399 1 300 35 80
3075726 1 803 96 220
3075823 1 974 114 260
3075969 1 3043 351 820
3076652 1 212 27 60
3077352 1 1234 155 360
3077543 1 158 18 40
3077694 1 452 52 120
3077801 1 719 85 200
3078355 1 486 60 140
3078358 1 13959 1661 3820
3078486 1 594 70 160
3078814 1 151 18 40
3079607 1 7534 921 2100
3079821 1 1485 176 400
3080071 1 3625 437 1000
3081149 1 3136 365 840
3081468 1 662 79 180
3081893 1 558 67 160
3082095 1 238 26 60
3082452 1 456 51 120
3082594 1 450 52 120
3083176 1 1178 140 320
3083502 1 290 36 80
3083733 1 4301 557 1260
3083798 1 505 61 140
3084668 1 388 44 100
3085117 1 636 79 180
3085489 1 3146 385 880
3085744 1 3640 429 1000
3085877 1 357 43 100
3086045 1 1776 216 500
3087537 1 5745 662 1560
3088623 1 226 24 60
3089121 1 2745 342 780
3089140 1 12223 1437 3300
3089162 1 123 17 40
3089228 1 146 18 40
3089320 1 1305 160 360
3089322 1 11763 1368 3160
3089506 1 17971 2107 4840
3089975 1 2876 360 820
3090374 1 2526 316 720
3090539 1 1803 214 500
3090612 1 11017 1321 3080
3090753 1 7254 849 1960
3090900 1 214 25 60
3090968 1 6797 811 1880
3091091 1 361 44 100
3091141 1 1505 185 420
3091221 1 702 85 200
3091296 1 4594 541 1260
3091402 1 802 98 220
3091824 1 64 9 20
3091957 1 1218 138 320
3092323 1 2554 302 700
3092335 1 5116 597 1380
3092390 1 226 27 60
3092965 1 701 90 200
3093837 1 426 52 120
3093864 1 428 53 120
3094054 1 1554 184 420
3094266 1 7036 876 2040
3094603 1 519 60 140
3095284 1 663 77 180
3095378 1 271 35 80
3095942 1 714 88 200
3096468 1 2104 256 580
3096664 1 5088 595 1380
3096703 1 695 80 180
3097260 1 687 75 180
3097741 1 77 8 20
3098757 1 876 105 240
3098872 1 5366 642 1460
3099108 1 1857 221 520
3099572 1 2463 292 680
3100331 1 779 93 220
3100835 1 73 8 20
3101486 1 274 36 80
3101488 1 1320 153 360
3101842 1 75 8 20
3101890 1 12565 1482 3440
3102026 1 137 17 40
3102282 1 368 42 100
3102401 1 1078 130 300
3102921 1 1693 204 480
3103168 1 4800 570 1340
3103410 1 287 35 80
3104661 1 2264 270 620
3104760 1 374 44 100
3105219 1 7292 838 1960
3105299 1 435 53 120
3105599 1 546 63 140
3105907 1 1194 134 320
3106022 1 2734 345 780
3106152 1 152 16 40
3106263 1 299 33 80
3106727 1 821 98 220
3106792 1 7044 851 1960
3106924 1 6989 868 2000
3107023 1 1297 157 360
3107060 1 11174 1379 3180
3107071 1 1646 188 440
3107072 1 4285 517 1180
3107278 1 1652 195 440
3107532 1 4845 565 1320
3107922 1 1126 129 300
3108308 1 1337 167 380
3108389 1 1348 156 360
3109004 1 138 18 40
3109069 1 667 79 180
3109585 1 237 27 60
3110010 1 1074 118 280
3110076 1 1086 136 320
3110208 1 73 8 20
3110491 1 7687 943 2180
3110953 1 134 16 40
3111185 1 654 75 180
3111811 1 155 16 40
3112431 1 4125 491 1120
3112718 1 2660 315 720
3112774 1 7342 879 2060
3113313 1 3857 472 1060
3113642 1 145 18 40
3113736 1 153 17 40
3114082 1 1221 151 340
3114114 1 342 42 100
3114364 1 676 79 180
3114516 1 2333 265 620
3114607 1 1381 161 380
3114689 1 1317 150 360
3115522 1 1664 201 460
3115640 1 1683 194 460
3115685 1 438 52 120
3115757 1 524 62 140
3116268 1 878 105 240
3116920 1 2126 257 600
3117097 1 414 53 120
3117261 1 551 69 160
3118623 1 5097 618 1440
3119149 1 75 9 20
3119218 1 2140 255 580
3119890 1 6301 763 1760
3120501 1 6565 749 1780
3120619 1 2319 268 620
3122037 1 1030 125 280
3122101 1 148 16 40
3122567 1 3246 390 900
3122726 1 240 26 60
3122962 1 4972 597 1380
3123110 1 131 17 40
3123312 1 441 53 120
3123427 1 215 25 60
3123742 1 1202 144 320
3123796 1 1103 135 300
3123809 1 1858 216 500
3124081 1 9633 1114 2600
3124132 1 1340 159 360
3124142 1 2013 256 580
3124253 1 1601 182 420
3124300 1 2895 341 780
3124465 1 2004 243 560
3125000 1 757 90 200
3125408 1 2254 275 620
3125871 1 899 113 260
3125881 1 8835 1071 2460
3126291 1 1218 148 340
3126408 1 75 9 20
3126866 1 2938 338 780
3126956 1 985 124 280
3126987 1 2005 231 540
3127292 1 306 33 80
3127390 1 1951 230 540
3127569 1 531 60 140
3127612 1 1860 215 500
3128243 1 283 35 80
3128317 1 1946 227 540
3128520 1 2971 353 840
3128698 1 75 8 20
3128772 1 3232 378 880
3128978 1 1073 131 300
3129024 1 214 26 60
3129091 1 3184 388 880
3129368 1 686 85 200
3129927 1 431 53 120
3131460 1 4276 497 1180
3131987 1 10447 1258 2860
3132214 1 2902 350 800
3132538 1 3281 385 900
3132602 1 1913 227 520
3132906 1 232 26 60
3133275 1 205 25 60
3133443 1 610 70 160
3134229 1 2178 246 580
3135039 1 2146 257 580
3135593 1 697 87 200
3136096 1 4693 556 1280
3136137 1 942 111 260
3136798 1 2356 272 640
3137099 1 149 18 40
3137532 1 227 26 60
3137571 1 302 36 80
3137777 1 3059 357 840
3138553 1 685 80 180
3138612 1 1489 179 400
3138731 1 148 18 40
3138871 1 812 97 220
3139265 1 287 33 80
3139399 1 4779 568 1320
3139605 1 712 89 200
3139864 1 2740 330 760
3140406 1 7958 964 2220
3140560 1 1233 152 360
3140702 1 2813 336 780
3140735 1 1845 215 500
3141391 1 1364 168 380
3142054 1 2030 243 560
3142204 1 3384 406 920
3142324 1 717 88 200
3142393 1 523 62 140
3142857 1 73 9 20
3142868 1 6837 813 1860
3143600 1 302 34 80
3143617 1 3618 442 1020
3144089 1 1976 221 520
3144523 1 526 63 140
3145157 1 351 44 100
3145159 1 7796 952 2180
3146058 1 201 24 60
3147026 1 218 27 60
3147042 1 828 94 220
3148126 1 826 98 220
3148589 1 10894 1281 2960
3149113 1 221 25 60
3149371 1 9723 1158 2680
3149532 1 4147 480 1100
3150267 1 1461 173 400
3150914 1 3502 419 960
3151391 1 6256 724 1700
3151794 1 1930 222 520
3152728 1 986 108 260
3000003 2 437 75 285
3000126 2 1378 265 874
3000189 2 500 85 304
3000282 2 640 109 399
3000714 2 269 51 171
3000781 2 314 53 190
3001203 2 941 174 608
3001937 2 1114 222 722
3002094 2 346 63 209
3002511 2 204 39 133
3002546 2 151 28 95
3002645 2 126 24 76
3002762 2 1233 224 760
3003031 2 1999 375 1216
3003521 2 1288 226 779
3003650 2 408 81 266
3004021 2 539 87 342
3004110 2 4876 839 2926
3004751 2 250 44 152
3007488 2 627 118 380
3007577 2 1039 179 627
3007580 2 28 6 19
3007696 2 36 6 19
3008006 2 30 7 19
3008634 2 1397 263 893
3008703 2 159 24 95
3009408 2 228 38 133
3009550 2 650 120 399
3009600 2 173 29 114
3009603 2 788 147 456
3009617 2 943 177 570
3009858 2 63 12 38
3011022 2 120 16 76
3011342 2 179 35 114
3012395 2 2127 425 1330
3013262 2 3725 679 2261
3013448 2 207 35 133
3013467 2 994 203 646
3013550 2 813 146 494
3013765 2 211 40 133
3014589 2 803 146 475
3014629 2 683 132 418
3014753 2 238 42 152
3015860 2 539 91 304
3015984 2 821 158 513
3016668 2 696 98 437
3016819 2 96 18 57
3017361 2 555 121 361
3017561 2 185 33 114
3017624 2 766 143 456
3019302 2 737 137 456
3019644 2 371 65 209
3019875 2 910 183 570
3020531 2 88 19 57
3020620 2 755 138 475
3021157 2 1204 210 741
3021334 2 68 13 38
3021685 2 477 79 304
3022515 2 54 11 38
3022777 2 762 139 494
3023009 2 1283 252 798
3023152 2 1021 179 627
3023441 2 1119 217 665
3024022 2 443 78 266
3024912 2 974 171 589
3026244 2 542 101 323
3027112 2 393 73 247
3027562 2 399 76 247
3028507 2 663 138 437
3029993 2 837 146 513
3030369 2 182 33 114
3030439 2 62 12 38
3030445 2 4195 803 2641
3030483 2 104 19 57
3030994 2 127 27 76
3031276 2 153 27 95
3031399 2 359 68 209
3032114 2 784 144 475
3032298 2 323 61 209
3032496 2 130 21 76
3032690 2 411 75 266
3032717 2 700 126 418
3032878 2 881 168 513
3033109 2 150 28 95
3033201 2 208 40 133
3033492 2 237 42 133
3034102 2 2207 403 1349
3034353 2 91 18 57
3034458 2 301 60 190
3034488 2 98 17 57
3034499 2 30 6 19
3034606 2 460 87 285
3034622 2 120 23 76
3034747 2 1742 317 1026
3034917 2 2141 421 1330
3034995 2 1045 198 665
3035117 2 150 27 95
3035329 2 952 171 570
3035505 2 437 77 266
3035806 2 627 105 380
3035939 2 690 131 437
3036777 2 91 17 57
3036854 2 885 159 532
3037450 2 882 180 570
3037576 2 489 94 304
3037755 2 654 129 437
3037834 2 2969 602 1862
3038387 2 277 56 171
3038595 2 3988 767 2489
3039562 2 2551 471 1577
3039660 2 30 5 19
3040134 2 149 29 95
3040250 2 440 79 266
3040255 2 400 82 266
3040359 2 540 96 342
3040472 2 2335 433 1444
3040788 2 549 114 361
3040812 2 238 44 152
3040942 2 1785 343 1102
3041147 2 121 24 76
3041277 2 62 14 38
3041423 2 227 43 133
3041935 2 403 74 247
3042059 2 1045 178 646
3042352 2 980 189 608
3043324 2 959 171 570
3043341 2 3084 577 1957
3043794 2 29 5 19
3043821 2 646 119 399
3043892 2 1498 304 950
3043939 2 55 10 38
3044228 2 60 8 38
3044370 2 283 60 171
3044543 2 380 74 247
3044646 2 183 34 114
3044659 2 92 16 57
3044717 2 2244 463 1444
3045004 2 152 26 95
3045253 2 971 196 627
3045325 2 3128 589 1919
3045520 2 1351 226 817
3045836 2 463 81 304
3045916 2 1094 197 684
3045953 2 246 49 152
3046261 2 102 19 57
3046370 2 447 90 266
3046879 2 429 88 285
3047369 2 1346 234 798
3047774 2 574 103 342
3048142 2 1617 292 950
3048499 2 549 95 323
3048557 2 330 62 209
3048918 2 416 84 266
3049014 2 2877 530 1748
3049027 2 30 4 19
3049110 2 213 38 133
3049147 2 413 80 266
3049353 2 701 123 437
3049981 2 91 15 57
3050079 2 151 28 95
3050088 2 407 72 247
3050235 2 941 172 589
3051357 2 997 193 646
3052213 2 269 53 171
3052554 2 691 139 437
3052576 2 138 25 76
3052740 2 120 16 76
3052773 2 4683 864 2812
3052808 2 396 72 247
3053156 2 1209 225 722
3053233 2 120 21 76
3053878 2 2322 450 1463
3054036 2 289 55 171
3054234 2 331 71 228
3054379 2 264 49 152
3054881 2 538 93 323
3054941 2 503 87 304
3055438 2 337 64 228
3055980 2 90 12 57
3056043 2 301 64 190
3056217 2 968 160 589
3056911 2 1199 221 779
3057224 2 1047 206 684
3057311 2 595 117 380
3057396 2 95 17 57
3057442 2 30 4 19
3057465 2 617 119 399
3057553 2 502 93 304
3057689 2 248 45 152
3057797 2 3228 585 2014
3058547 2 211 31 114
3058976 2 1256 257 798
3059385 2 158 30 95
3059473 2 270 51 171
3059835 2 87 17 57
3059889 2 1354 247 779
3060133 2 124 21 76
3060489 2 506 96 323
3060722 2 1016 186 589
3060876 2 302 56 190
3061108 2 65 12 38
3061454 2 653 123 418
3061984 2 3920 715 2318
3062322 2 149 26 95
3062818 2 291 55 171
3063337 2 561 101 361
3063367 2 580 114 361
3063520 2 1696 330 1083
3063901 2 4520 803 2736
3064179 2 439 80 285
3064901 2 390 69 228
3066052 2 143 29 95
3066079 2 190 37 114
3066448 2 29 4 19
3066470 2 1364 253 855
3066921 2 28 6 19
3067247 2 271 58 171
3067648 2 1131 223 722
3068117 2 822 155 532
3068280 2 490 98 285
3069481 2 5394 986 3306
3069805 2 1819 356 1159
3070486 2 1029 188 627
3070672 2 1058 211 684
3070740 2 97 20 57
3071190 2 773 156 494
3071197 2 30 7 19
3071399 2 285 51 171
3072013 2 1026 190 627
3072350 2 150 29 95
3072393 2 451 88 285
3073896 2 5830 1079 3591
3074949 2 90 10 57
3075144 2 32 7 19
3075179 2 90 17 57
3075349 2 1789 361 1159
3075399 2 122 22 76
3075726 2 326 59 209
3075823 2 390 65 247
3075969 2 1261 235 779
3076652 2 84 13 57
3077352 2 529 102 342
3077543 2 60 9 38
3077694 2 192 39 114
3077801 2 308 63 190
3078355 2 219 41 133
3078358 2 5808 1086 3629
3078486 2 262 53 152
3078814 2 60 10 38
3079607 2 3163 613 1995
3079821 2 616 119 380
3080071 2 1537 278 950
3081149 2 1310 224 798
3081468 2 270 54 171
3081893 2 245 51 152
3082095 2 90 11 57
3082452 2 194 32 114
3082594 2 192 38 114
3083176 2 523 98 304
3083502 2 118 22 76
3083733 2 1883 381 1197
3083798 2 231 43 133
3084668 2 160 28 95
3085117 2 255 49 171
3085489 2 1371 259 836
3085744 2 1590 298 950
3085877 2 161 32 95
3086045 2 794 150 475
3087537 2 2494 452 1482
3088623 2 104 18 57
3089121 2 1158 243 741
3089140 2 5122 951 3135
3089162 2 55 13 38
3089228 2 60 14 38
3089320 2 545 113 342
3089322 2 5033 905 3002
3089506 2 7410 1374 4598
3089975 2 1197 232 779
3090374 2 1041 207 684
3090539 2 757 136 475
3090612 2 4613 889 2926
3090753 2 3204 584 1862
3090900 2 84 14 57
3090968 2 2885 555 1786
3091091 2 143 28 95
3091141 2 656 128 399
3091221 2 287 59 190
3091296 2 1870 336 1197
3091402 2 348 64 209
3091824 2 26 5 19
3091957 2 513 89 304
3092323 2 1050 194 665
3092335 2 2195 395 1311
3092390 2 92 16 57
3092965 2 286 55 190
3093837 2 178 39 114
3093864 2 202 36 114
3094054 2 637 116 399
3094266 2 3046 613 1938
3094603 2 209 36 133
3095284 2 273 52 171
3095378 2 109 23 76
3095942 2 303 61 190
3096468 2 863 167 551
3096664 2 2179 387 1311
3096703 2 283 47 171
3097260 2 283 45 171
3097741 2 33 6 19
3098757 2 353 69 228
3098872 2 2186 391 1387
3099108 2 763 151 494
3099572 2 1044 210 646
3100331 2 329 56 209
3100835 2 35 7 19
3101486 2 120 24 76
3101488 2 562 99 342
3101842 2 35 6 19
3101890 2 5264 981 3268
3102026 2 57 10 38
3102282 2 156 27 95
3102401 2 443 88 285
3102921 2 711 149 456
3103168 2 2076 398 1273
3103410 2 116 22 76
3104661 2 996 184 589
3104760 2 150 27 95
3105219 2 3118 551 1862
3105299 2 173 32 114
3105599 2 210 34 133
3105907 2 504 82 304
3106022 2 1136 221 741
3106152 2 66 11 38
3106263 2 131 24 76
3106727 2 363 60 209
3106792 2 2886 574 1862
3106924 2 2930 593 1900
3107023 2 577 106 342
3107060 2 4636 909 3021
3107071 2 688 118 418
3107072 2 1870 360 1121
3107278 2 674 120 418
3107532 2 2025 373 1254
3107922 2 476 84 285
3108308 2 585 119 361
3108389 2 562 100 342
3109004 2 54 11 38
3109069 2 291 53 171
3109585 2 90 15 57
3110010 2 436 68 266
3110076 2 470 93 304
3110208 2 31 5 19
3110491 2 3274 680 2071
3110953 2 64 12 38
3111185 2 275 54 171
3111811 2 65 10 38
3112431 2 1750 330 1064
3112718 2 1114 205 684
3112774 2 3156 602 1957
3113313 2 1561 314 1007
3113642 2 61 12 38
3113736 2 61 10 38
3114082 2 504 102 323
3114114 2 135 22 95
3114364 2 287 51 171
3114516 2 957 163 589
3114607 2 569 105 361
3114689 2 539 108 342
3115522 2 701 134 437
3115640 2 706 131 437
3115685 2 192 35 114
3115757 2 222 43 133
3116268 2 366 72 228
3116920 2 938 170 570
3117097 2 182 37 114
3117261 2 229 49 152
3118623 2 2126 411 1368
3119149 2 30 5 19
3119218 2 873 164 551
3119890 2 2635 501 1672
3120501 2 2859 498 1691
3120619 2 977 173 589
3122037 2 446 85 266
3122101 2 72 12 38
3122567 2 1342 257 855
3122726 2 90 11 57
3122962 2 2124 414 1311
3123110 2 52 11 38
3123312 2 181 35 114
3123427 2 87 14 57
3123742 2 504 94 304
3123796 2 462 95 285
3123809 2 782 142 475
3124081 2 4003 701 2470
3124132 2 545 108 342
3124142 2 851 170 551
3124253 2 662 108 399
3124300 2 1230 216 741
3124465 2 840 167 532
3125000 2 311 50 190
3125408 2 925 178 589
3125871 2 373 77 247
3125881 2 3665 727 2337
3126291 2 509 99 323
3126408 2 33 6 19
3126866 2 1236 212 741
3126956 2 415 87 266
3126987 2 889 161 513
3127292 2 134 21 76
3127390 2 814 155 513
3127569 2 213 34 133
3127612 2 776 134 475
3128243 2 130 26 76
3128317 2 841 159 513
3128520 2 1257 243 798
3128698 2 35 6 19
3128772 2 1334 237 836
3128978 2 456 91 285
3129024 2 96 19 57
3129091 2 1330 258 836
3129368 2 299 64 190
3129927 2 185 35 114
3131460 2 1769 316 1121
3131987 2 4262 849 2717
3132214 2 1195 228 760
3132538 2 1382 250 855
3132602 2 781 150 494
3132906 2 92 15 57
3133275 2 89 15 57
3133443 2 244 42 152
3134229 2 938 161 551
3135039 2 948 177 551
3135593 2 287 61 190
3136096 2 1956 363 1216
3136137 2 378 75 247
3136798 2 970 172 608
3137099 2 67 12 38
3137532 2 91 19 57
3137571 2 120 21 76
3137777 2 1271 232 798
3138553 2 287 51 171
3138612 2 596 115 380
3138731 2 64 11 38
3138871 2 335 69 209
3139265 2 114 20 76
3139399 2 2005 381 1254
3139605 2 295 60 190
3139864 2 1182 221 722
3140406 2 3284 622 2109
3140560 2 531 105 342
3140702 2 1208 224 741
3140735 2 753 131 475
3141391 2 562 105 361
3142054 2 881 157 532
3142204 2 1400 253 874
3142324 2 297 59 190
3142393 2 206 38 133
3142857 2 34 6 19
3142868 2 2968 533 1767
3143600 2 122 19 76
3143617 2 1542 290 969
3144089 2 824 140 494
3144523 2 222 42 133
3145157 2 143 29 95
3145159 2 3259 656 2071
3146058 2 87 18 57
3147026 2 92 19 57
3147042 2 339 57 209
3148126 2 358 62 209
3148589 2 4596 844 2812
3149113 2 88 17 57
3149371 2 4088 771 2546
3149532 2 1745 321 1045
3150267 2 592 111 380
3150914 2 1540 284 912
3151391 2 2663 469 1615
3151794 2 806 144 494
3152728 2 404 63 247
3000003 3 661 92 270
3000126 3 2077 330 828
3000189 3 807 110 288
3000282 3 987 137 378
3000714 3 391 62 162
3000781 3 477 64 180
3001203 3 1407 229 576
3001937 3 1566 273 684
3002094 3 540 78 198
3002511 3 310 48 126
3002546 3 241 32 90
3002645 3 196 28 72
3002762 3 1932 278 720
3003031 3 3124 460 1152
3003521 3 2040 292 738
3003650 3 629 102 252
3004021 3 847 117 324
3004110 3 7656 1046 2772
3004751 3 388 55 144
3007488 3 990 145 360
3007577 3 1640 224 594
3007580 3 43 7 18
3007696 3 50 8 18
3008006 3 43 8 18
3008634 3 2090 328 846
3008703 3 250 31 90
3009408 3 356 48 126
3009550 3 995 145 378
3009600 3 269 39 108
3009603 3 1201 176 432
3009617 3 1445 218 540
3009858 3 94 15 36
3011022 3 200 24 72
3011342 3 280 43 108
3012395 3 3130 505 1260
3013262 3 5792 813 2142
3013448 3 323 48 126
3013467 3 1463 247 612
3013550 3 1265 176 468
3013765 3 347 50 126
3014589 3 1226 175 450
3014629 3 1024 161 396
3014753 3 384 53 144
3015860 3 815 109 288
3015984 3 1266 190 486
3016668 3 1112 138 414
3016819 3 142 22 54
3017361 3 821 142 342
3017561 3 288 39 108
3017624 3 1188 167 432
3019302 3 1166 168 432
3019644 3 558 77 198
3019875 3 1338 213 540
3020531 3 134 24 54
3020620 3 1177 177 450
3021157 3 1865 272 702
3021334 3 95 15 36
3021685 3 729 100 288
3022515 3 82 15 36
3022777 3 1173 185 468
3023009 3 1919 300 756
3023152 3 1632 226 594
3023441 3 1681 252 630
3024022 3 705 96 252
3024912 3 1519 215 558
3026244 3 827 120 306
3027112 3 585 91 234
3027562 3 599 91 234
3028507 3 900 167 414
3029993 3 1335 182 486
3030369 3 289 41 108
3030439 3 93 15 36
3030445 3 6166 991 2502
3030483 3 150 22 54
3030994 3 197 30 72
3031276 3 244 39 90
3031399 3 554 81 198
3032114 3 1200 180 450
3032298 3 491 80 198
3032496 3 200 26 72
3032690 3 648 96 252
3032717 3 1073 154 396
3032878 3 1346 196 486
3033109 3 233 32 90
3033201 3 305 51 126
3033492 3 352 47 126
3034102 3 3475 524 1278
3034353 3 138 24 54
3034458 3 496 72 180
3034488 3 149 20 54
3034499 3 47 8 18
3034606 3 711 106 270
3034622 3 199 27 72
3034747 3 2680 384 972
3034917 3 3249 495 1260
3034995 3 1618 252 630
3035117 3 234 36 90
3035329 3 1494 209 540
3035505 3 694 97 252
3035806 3 990 129 360
3035939 3 1076 162 414
3036777 3 134 24 54
3036854 3 1376 194 504
3037450 3 1279 229 540
3037576 3 748 114 288
3037755 3 974 174 414
3037834 3 4559 715 1764
3038387 3 425 67 162
3038595 3 6053 947 2358
3039562 3 3970 576 1494
3039660 3 47 7 18
3040134 3 211 35 90
3040250 3 692 98 252
3040255 3 596 97 252
3040359 3 814 118 324
3040472 3 3644 543 1368
3040788 3 790 144 342
3040812 3 380 60 144
3040942 3 2650 426 1044
3041147 3 174 30 72
3041277 3 93 16 36
3041423 3 344 53 126
3041935 3 643 97 234
3042059 3 1654 221 612
3042352 3 1437 222 576
3043324 3 1487 203 540
3043341 3 4775 719 1854
3043794 3 43 6 18
3043821 3 1002 151 378
3043892 3 2195 367 900
3043939 3 89 14 36
3044228 3 102 12 36
3044370 3 420 68 162
3044543 3 591 92 234
3044646 3 295 42 108
3044659 3 138 20 54
3044717 3 3265 560 1368
3045004 3 234 33 90
3045253 3 1437 246 594
3045325 3 4706 713 1818
3045520 3 2140 298 774
3045836 3 700 116 288
3045916 3 1712 247 648
3045953 3 373 59 144
3046261 3 153 23 54
3046370 3 660 106 252
3046879 3 643 108 270
3047369 3 2027 274 756
3047774 3 881 128 324
3048142 3 2478 357 900
3048499 3 826 119 306
3048557 3 517 75 198
3048918 3 619 102 252
3049014 3 4440 652 1656
3049027 3 50 6 18
3049110 3 336 47 126
3049147 3 609 101 252
3049353 3 1118 155 414
3049981 3 143 19 54
3050079 3 223 34 90
3050088 3 644 90 234
3050235 3 1501 211 558
3051357 3 1502 241 612
3052213 3 418 60 162
3052554 3 1015 158 414
3052576 3 199 30 72
3052740 3 200 25 72
3052773 3 7183 1048 2664
3052808 3 600 93 234
3053156 3 1877 265 684
3053233 3 184 27 72
3053878 3 3505 543 1386
3054036 3 436 62 162
3054234 3 491 90 216
3054379 3 389 52 144
3054881 3 829 112 306
3054941 3 772 109 288
3055438 3 514 81 216
3055980 3 149 18 54
3056043 3 452 76 180
3056217 3 1516 207 558
3056911 3 1876 288 738
3057224 3 1540 255 648
3057311 3 919 145 360
3057396 3 150 23 54
3057442 3 50 8 18
3057465 3 967 148 378
3057553 3 780 113 288
3057689 3 408 58 144
3057797 3 4971 736 1908
3058547 3 300 37 108
3058976 3 1816 308 756
3059385 3 243 38 90
3059473 3 395 65 162
3059835 3 127 20 54
3059889 3 2018 286 738
3060133 3 198 26 72
3060489 3 762 116 306
3060722 3 1545 218 558
3060876 3 473 74 180
3061108 3 100 16 36
3061454 3 1037 152 396
3061984 3 6125 872 2196
3062322 3 219 33 90
3062818 3 445 64 162
3063337 3 873 124 342
3063367 3 840 142 342
3063520 3 2512 399 1026
3063901 3 7095 1010 2592
3064179 3 672 103 270
3064901 3 591 80 216
3066052 3 217 36 90
3066079 3 289 39 108
3066448 3 48 5 18
3066470 3 2110 313 810
3066921 3 41 5 18
3067247 3 389 67 162
3067648 3 1714 274 684
3068117 3 1239 190 504
3068280 3 721 110 270
3069481 3 8525 1238 3132
3069805 3 2770 435 1098
3070486 3 1574 226 594
3070672 3 1529 261 648
3070740 3 148 22 54
3071190 3 1122 178 468
3071197 3 43 7 18
3071399 3 442 66 162
3072013 3 1588 229 594
3072350 3 222 36 90
3072393 3 710 105 270
3073896 3 9008 1348 3402
3074949 3 150 16 54
3075144 3 48 8 18
3075179 3 131 20 54
3075349 3 2588 441 1098
3075399 3 200 30 72
3075726 3 514 74 198
3075823 3 626 86 234
3075969 3 1967 288 738
3076652 3 134 22 54
3077352 3 782 121 324
3077543 3 101 13 36
3077694 3 302 44 108
3077801 3 455 74 180
3078355 3 302 53 126
3078358 3 8792 1343 3438
3078486 3 402 61 144
3078814 3 91 14 36
3079607 3 4842 751 1890
3079821 3 934 145 360
3080071 3 2405 356 900
3081149 3 2079 285 756
3081468 3 424 66 162
3081893 3 376 60 144
3082095 3 150 18 54
3082452 3 299 39 108
3082594 3 294 39 108
3083176 3 783 110 288
3083502 3 183 30 72
3083733 3 2607 463 1134
3083798 3 347 54 126
3084668 3 249 29 90
3085117 3 392 64 162
3085489 3 2032 315 792
3085744 3 2441 355 900
3085877 3 234 36 90
3086045 3 1192 184 450
3087537 3 3875 546 1404
3088623 3 154 21 54
3089121 3 1722 284 702
3089140 3 7987 1176 2970
3089162 3 71 14 36
3089228 3 92 15 36
3089320 3 829 128 324
3089322 3 7855 1133 2844
3089506 3 11646 1698 4356
3089975 3 1752 286 738
3090374 3 1587 269 648
3090539 3 1180 179 450
3090612 3 6888 1119 2772
3090753 3 4902 693 1764
3090900 3 134 21 54
3090968 3 4326 673 1692
3091091 3 230 35 90
3091141 3 974 144 378
3091221 3 438 75 180
3091296 3 2863 442 1134
3091402 3 536 77 198
3091824 3 41 8 18
3091957 3 796 109 288
3092323 3 1594 250 630
3092335 3 3374 485 1242
3092390 3 150 24 54
3092965 3 434 77 180
3093837 3 261 46 108
3093864 3 299 46 108
3094054 3 1010 146 378
3094266 3 4344 746 1836
3094603 3 332 47 126
3095284 3 429 61 162
3095378 3 170 31 72
3095942 3 459 71 180
3096468 3 1328 205 522
3096664 3 3390 472 1242
3096703 3 447 59 162
3097260 3 452 60 162
3097741 3 51 7 18
3098757 3 553 85 216
3098872 3 3359 502 1314
3099108 3 1201 182 468
3099572 3 1554 244 612
3100331 3 530 77 198
3100835 3 51 8 18
3101486 3 173 28 72
3101488 3 874 124 324
3101842 3 51 7 18
3101890 3 8034 1199 3096
3102026 3 84 14 36
3102282 3 247 35 90
3102401 3 704 107 270
3102921 3 1091 181 432
3103168 3 3094 487 1206
3103410 3 185 28 72
3104661 3 1530 220 558
3104760 3 237 38 90
3105219 3 4865 685 1764
3105299 3 274 44 108
3105599 3 348 45 126
3105907 3 789 105 288
3106022 3 1739 276 702
3106152 3 100 13 36
3106263 3 201 30 72
3106727 3 543 73 198
3106792 3 4447 705 1764
3106924 3 4295 727 1800
3107023 3 888 128 324
3107060 3 6890 1165 2862
3107071 3 1081 150 396
3107072 3 2859 431 1062
3107278 3 1058 151 396
3107532 3 3153 450 1188
3107922 3 745 102 270
3108308 3 878 142 342
3108389 3 902 128 324
3109004 3 84 14 36
3109069 3 444 62 162
3109585 3 150 21 54
3110010 3 697 91 252
3110076 3 638 106 288
3110208 3 45 7 18
3110491 3 4843 810 1962
3110953 3 86 14 36
3111185 3 426 62 162
3111811 3 103 13 36
3112431 3 2736 402 1008
3112718 3 1722 253 648
3112774 3 4783 743 1854
3113313 3 2380 387 954
3113642 3 94 14 36
3113736 3 97 15 36
3114082 3 741 119 306
3114114 3 220 32 90
3114364 3 449 64 162
3114516 3 1491 204 558
3114607 3 868 130 342
3114689 3 845 136 324
3115522 3 1060 162 414
3115640 3 1069 159 414
3115685 3 300 42 108
3115757 3 345 51 126
3116268 3 572 86 216
3116920 3 1460 218 540
3117097 3 257 42 108
3117261 3 355 62 144
3118623 3 3146 527 1296
3119149 3 47 8 18
3119218 3 1365 212 522
3119890 3 3898 621 1584
3120501 3 4419 620 1602
3120619 3 1518 208 558
3122037 3 690 101 252
3122101 3 102 14 36
3122567 3 2054 323 810
3122726 3 150 17 54
3122962 3 3169 509 1242
3123110 3 82 16 36
3123312 3 295 45 108
3123427 3 142 19 54
3123742 3 771 114 288
3123796 3 693 103 270
3123809 3 1236 172 450
3124081 3 6220 895 2340
3124132 3 843 134 324
3124142 3 1203 210 522
3124253 3 1034 139 378
3124300 3 1911 265 702
3124465 3 1288 202 504
3125000 3 489 65 180
3125408 3 1438 220 558
3125871 3 557 98 234
3125881 3 5491 885 2214
3126291 3 736 123 306
3126408 3 49 6 18
3126866 3 1933 269 702
3126956 3 616 95 252
3126987 3 1362 193 486
3127292 3 201 25 72
3127390 3 1193 185 486
3127569 3 348 49 126
3127612 3 1209 168 450
3128243 3 194 31 72
3128317 3 1265 197 486
3128520 3 1829 300 756
3128698 3 51 7 18
3128772 3 2071 303 792
3128978 3 680 109 270
3129024 3 150 24 54
3129091 3 2058 331 792
3129368 3 427 75 180
3129927 3 292 46 108
3131460 3 2716 405 1062
3131987 3 6498 1025 2574
3132214 3 1801 293 720
3132538 3 2077 316 810
3132602 3 1224 181 468
3132906 3 151 19 54
3133275 3 145 22 54
3133443 3 400 54 144
3134229 3 1436 191 522
3135039 3 1421 203 522
3135593 3 443 75 180
3136096 3 3033 449 1152
3136137 3 578 92 234
3136798 3 1545 217 576
3137099 3 101 14 36
3137532 3 146 23 54
3137571 3 184 29 72
3137777 3 1937 289 756
3138553 3 443 62 162
3138612 3 935 147 360
3138731 3 100 15 36
3138871 3 517 78 198
3139265 3 175 25 72
3139399 3 3014 457 1188
3139605 3 438 75 180
3139864 3 1833 270 684
3140406 3 5085 790 1998
3140560 3 774 132 324
3140702 3 1905 279 702
3140735 3 1179 167 450
3141391 3 820 130 342
3142054 3 1389 209 504
3142204 3 2171 319 828
3142324 3 431 71 180
3142393 3 343 50 126
3142857 3 48 7 18
3142868 3 4600 653 1674
3143600 3 206 29 72
3143617 3 2293 370 918
3144089 3 1300 173 468
3144523 3 343 47 126
3145157 3 222 35 90
3145159 3 4859 789 1962
3146058 3 126 21 54
3147026 3 148 22 54
3147042 3 531 73 198
3148126 3 543 73 198
3148589 3 7117 1048 2664
3149113 3 147 23 54
3149371 3 6303 945 2412
3149532 3 2711 381 990
3150267 3 922 140 360
3150914 3 2366 346 864
3151391 3 4018 564 1530
3151794 3 1260 185 468
3152728 3 632 82 234
3000003 4 713 107 255
3000126 4 2153 339 782
3000189 4 793 109 272
3000282 4 1040 158 357
3000714 4 437 70 153
3000781 4 490 70 170
3001203 4 1498 243 544
3001937 4 1735 293 646
3002094 4 553 80 187
3002511 4 321 48 119
3002546 4 233 32 85
3002645 4 201 29 68
3002762 4 1959 276 680
3003031 4 3172 466 1088
3003521 4 2026 284 697
3003650 4 658 105 238
3004021 4 866 125 306
3004110 4 7758 1044 2618
3004751 4 391 61 136
3007488 4 999 139 340
3007577 4 1684 218 561
3007580 4 48 8 17
3007696 4 53 8 17
3008006 4 46 7 17
3008634 4 2301 361 799
3008703 4 251 31 85
3009408 4 354 41 119
3009550 4 1033 149 357
3009600 4 282 41 102
3009603 4 1233 178 408
3009617 4 1484 215 510
3009858 4 94 15 34
3011022 4 209 24 68
3011342 4 296 46 102
3012395 4 3348 527 1190
3013262 4 5966 848 2023
3013448 4 343 51 119
3013467 4 1548 264 578
3013550 4 1282 177 442
3013765 4 352 50 119
3014589 4 1264 180 425
3014629 4 1060 161 374
3014753 4 388 50 136
3015860 4 825 109 272
3015984 4 1303 195 459
3016668 4 1142 148 391
3016819 4 146 22 51
3017361 4 883 142 323
3017561 4 301 45 102
3017624 4 1194 176 408
3019302 4 1185 166 408
3019644 4 582 80 187
3019875 4 1415 224 510
3020531 4 140 23 51
3020620 4 1196 179 425
3021157 4 1895 270 663
3021334 4 101 14 34
3021685 4 763 113 272
3022515 4 88 15 34
3022777 4 1233 196 442
3023009 4 1998 306 714
3023152 4 1670 234 561
3023441 4 1695 251 595
3024022 4 708 97 238
3024912 4 1549 213 527
3026244 4 836 123 289
3027112 4 616 98 221
3027562 4 624 94 221
3028507 4 1079 171 391
3029993 4 1350 183 459
3030369 4 300 44 102
3030439 4 92 14 34
3030445 4 6578 1045 2363
3030483 4 160 22 51
3030994 4 200 30 68
3031276 4 253 38 85
3031399 4 543 79 187
3032114 4 1205 169 425
3032298 4 508 82 187
3032496 4 212 29 68
3032690 4 640 92 238
3032717 4 1125 167 374
3032878 4 1382 193 459
3033109 4 237 33 85
3033201 4 347 54 119
3033492 4 368 49 119
3034102 4 3519 505 1207
3034353 4 139 24 51
3034458 4 490 70 170
3034488 4 155 22 51
3034499 4 50 8 17
3034606 4 745 111 255
3034622 4 204 28 68
3034747 4 2742 386 918
3034917 4 3345 486 1190
3034995 4 1660 251 595
3035117 4 254 40 85
3035329 4 1491 213 510
3035505 4 699 100 238
3035806 4 1017 134 340
3035939 4 1108 167 391
3036777 4 142 24 51
3036854 4 1425 198 476
3037450 4 1364 231 510
3037576 4 781 119 272
3037755 4 1056 178 391
3037834 4 4672 701 1666
3038387 4 443 68 153
3038595 4 6206 971 2227
3039562 4 4008 578 1411
3039660 4 52 8 17
3040134 4 235 40 85
3040250 4 708 103 238
3040255 4 632 102 238
3040359 4 849 127 306
3040472 4 3750 556 1292
3040788 4 855 145 323
3040812 4 391 61 136
3040942 4 2775 436 986
3041147 4 173 31 68
3041277 4 95 14 34
3041423 4 348 54 119
3041935 4 648 97 221
3042059 4 1687 238 578
3042352 4 1534 236 544
3043324 4 1526 205 510
3043341 4 4883 726 1751
3043794 4 47 8 17
3043821 4 1028 146 357
3043892 4 2345 389 850
3043939 4 90 15 34
3044228 4 98 10 34
3044370 4 413 68 153
3044543 4 618 94 221
3044646 4 304 43 102
3044659 4 145 22 51
3044717 4 3530 579 1292
3045004 4 248 37 85
3045253 4 1570 257 561
3045325 4 4851 724 1717
3045520 4 2158 288 731
3045836 4 777 120 272
3045916 4 1768 254 612
3045953 4 398 64 136
3046261 4 157 23 51
3046370 4 636 94 238
3046879 4 686 113 255
3047369 4 2066 292 714
3047774 4 863 119 306
3048142 4 2543 365 850
3048499 4 846 118 289
3048557 4 533 78 187
3048918 4 647 108 238
3049014 4 4516 651 1564
3049027 4 52 6 17
3049110 4 334 47 119
3049147 4 674 108 238
3049353 4 1145 161 391
3049981 4 150 20 51
3050079 4 241 39 85
3050088 4 664 94 221
3050235 4 1494 212 527
3051357 4 1589 249 578
3052213 4 431 65 153
3052554 4 1099 173 391
3052576 4 205 30 68
3052740 4 208 25 68
3052773 4 7361 1065 2516
3052808 4 624 101 221
3053156 4 1943 275 646
3053233 4 204 31 68
3053878 4 3677 563 1309
3054036 4 453 65 153
3054234 4 537 90 204
3054379 4 392 56 136
3054881 4 829 109 289
3054941 4 796 117 272
3055438 4 543 76 204
3055980 4 153 19 51
3056043 4 483 78 170
3056217 4 1576 222 527
3056911 4 1935 292 697
3057224 4 1632 281 612
3057311 4 919 136 340
3057396 4 152 23 51
3057442 4 51 7 17
3057465 4 998 148 357
3057553 4 805 120 272
3057689 4 402 56 136
3057797 4 5120 747 1802
3058547 4 299 36 102
3058976 4 1972 328 714
3059385 4 238 35 85
3059473 4 410 71 153
3059835 4 143 23 51
3059889 4 2137 308 697
3060133 4 203 26 68
3060489 4 841 132 289
3060722 4 1580 218 527
3060876 4 476 68 170
3061108 4 102 14 34
3061454 4 1023 154 374
3061984 4 6132 838 2074
3062322 4 244 39 85
3062818 4 460 62 153
3063337 4 905 134 323
3063367 4 898 147 323
3063520 4 2693 423 969
3063901 4 7244 1009 2448
3064179 4 709 113 255
3064901 4 593 85 204
3066052 4 231 37 85
3066079 4 298 41 102
3066448 4 49 7 17
3066470 4 2147 317 765
3066921 4 43 6 17
3067247 4 415 62 153
3067648 4 1796 287 646
3068117 4 1322 203 476
3068280 4 709 104 255
3069481 4 8723 1236 2958
3069805 4 2908 461 1037
3070486 4 1593 237 561
3070672 4 1681 267 612
3070740 4 154 22 51
3071190 4 1215 197 442
3071197 4 47 8 17
3071399 4 431 62 153
3072013 4 1621 236 561
3072350 4 244 35 85
3072393 4 721 110 255
3073896 4 9230 1384 3213
3074949 4 151 16 51
3075144 4 50 8 17
3075179 4 148 24 51
3075349 4 2846 462 1037
3075399 4 199 28 68
3075726 4 528 76 187
3075823 4 641 91 221
3075969 4 1972 283 697
3076652 4 134 17 51
3077352 4 813 125 306
3077543 4 103 12 34
3077694 4 305 40 102
3077801 4 488 77 170
3078355 4 329 52 119
3078358 4 9194 1425 3247
3078486 4 407 55 136
3078814 4 104 16 34
3079607 4 4952 761 1785
3079821 4 972 144 340
3080071 4 2494 370 850
3081149 4 2122 293 714
3081468 4 431 66 153
3081893 4 386 60 136
3082095 4 152 18 51
3082452 4 299 40 102
3082594 4 302 44 102
3083176 4 798 115 272
3083502 4 187 32 68
3083733 4 2956 487 1071
3083798 4 360 54 119
3084668 4 246 29 85
3085117 4 425 71 153
3085489 4 2152 345 748
3085744 4 2487 359 850
3085877 4 225 35 85
3086045 4 1238 179 425
3087537 4 3922 550 1326
3088623 4 146 18 51
3089121 4 1809 296 663
3089140 4 8110 1175 2805
3089162 4 85 15 34
3089228 4 96 14 34
3089320 4 856 133 306
3089322 4 7946 1100 2686
3089506 4 11907 1707 4114
3089975 4 1900 300 697
3090374 4 1652 272 612
3090539 4 1191 179 425
3090612 4 7220 1169 2618
3090753 4 4941 700 1666
3090900 4 135 20 51
3090968 4 4475 686 1598
3091091 4 232 33 85
3091141 4 1005 151 357
3091221 4 469 78 170
3091296 4 3006 457 1071
3091402 4 558 81 187
3091824 4 41 7 17
3091957 4 806 109 272
3092323 4 1678 259 595
3092335 4 3442 483 1173
3092390 4 156 23 51
3092965 4 458 76 170
3093837 4 291 46 102
3093864 4 309 47 102
3094054 4 1007 147 357
3094266 4 4707 768 1734
3094603 4 337 47 119
3095284 4 428 63 153
3095378 4 176 32 68
3095942 4 475 75 170
3096468 4 1369 215 493
3096664 4 3466 483 1173
3096703 4 466 62 153
3097260 4 452 54 153
3097741 4 49 6 17
3098757 4 568 89 204
3098872 4 3541 515 1241
3099108 4 1225 189 442
3099572 4 1601 250 578
3100331 4 513 72 187
3100835 4 53 8 17
3101486 4 183 28 68
3101488 4 886 126 306
3101842 4 49 6 17
3101890 4 8223 1224 2924
3102026 4 92 15 34
3102282 4 250 37 85
3102401 4 703 107 255
3102921 4 1128 179 408
3103168 4 3170 479 1139
3103410 4 188 26 68
3104661 4 1556 224 527
3104760 4 247 39 85
3105219 4 4958 675 1666
3105299 4 290 47 102
3105599 4 361 47 119
3105907 4 808 108 272
3106022 4 1797 281 663
3106152 4 104 15 34
3106263 4 194 27 68
3106727 4 573 77 187
3106792 4 4617 714 1666
3106924 4 4665 768 1700
3107023 4 917 133 306
3107060 4 7459 1201 2703
3107071 4 1106 152 374
3107072 4 2962 436 1003
3107278 4 1064 154 374
3107532 4 3204 455 1122
3107922 4 757 107 255
3108308 4 908 146 323
3108389 4 915 126 306
3109004 4 90 15 34
3109069 4 463 68 153
3109585 4 147 21 51
3110010 4 718 96 238
3110076 4 756 125 272
3110208 4 49 7 17
3110491 4 5062 817 1853
3110953 4 88 14 34
3111185 4 418 57 153
3111811 4 97 11 34
3112431 4 2765 404 952
3112718 4 1808 264 612
3112774 4 4876 738 1751
3113313 4 2574 410 901
3113642 4 95 15 34
3113736 4 98 15 34
3114082 4 820 125 289
3114114 4 223 30 85
3114364 4 448 63 153
3114516 4 1555 219 527
3114607 4 909 143 323
3114689 4 875 139 306
3115522 4 1092 168 391
3115640 4 1117 163 391
3115685 4 290 44 102
3115757 4 357 51 119
3116268 4 568 83 204
3116920 4 1496 224 510
3117097 4 275 46 102
3117261 4 364 59 136
3118623 4 3374 552 1224
3119149 4 49 8 17
3119218 4 1418 223 493
3119890 4 4161 666 1496
3120501 4 4498 632 1513
3120619 4 1521 212 527
3122037 4 712 100 238
3122101 4 108 14 34
3122567 4 2103 328 765
3122726 4 152 17 51
3122962 4 3334 519 1173
3123110 4 85 14 34
3123312 4 304 46 102
3123427 4 148 21 51
3123742 4 810 110 272
3123796 4 729 113 255
3123809 4 1251 168 425
3124081 4 6414 916 2210
3124132 4 881 140 306
3124142 4 1370 219 493
3124253 4 1068 147 357
3124300 4 1963 280 663
3124465 4 1302 200 476
3125000 4 502 68 170
3125408 4 1469 223 527
3125871 4 603 103 221
3125881 4 5858 938 2091
3126291 4 826 133 289
3126408 4 50 7 17
3126866 4 1985 279 663
3126956 4 655 107 238
3126987 4 1354 189 459
3127292 4 213 28 68
3127390 4 1304 207 459
3127569 4 352 49 119
3127612 4 1255 177 425
3128243 4 204 31 68
3128317 4 1288 196 459
3128520 4 1994 323 714
3128698 4 49 6 17
3128772 4 2104 299 748
3128978 4 708 108 255
3129024 4 152 23 51
3129091 4 2116 335 748
3129368 4 464 80 170
3129927 4 300 48 102
3131460 4 2821 438 1003
3131987 4 6911 1089 2431
3132214 4 1907 306 680
3132538 4 2214 341 765
3132602 4 1255 184 442
3132906 4 151 20 51
3133275 4 148 22 51
3133443 4 406 54 136
3134229 4 1479 203 493
3135039 4 1477 206 493
3135593 4 464 72 170
3136096 4 3080 463 1088
3136137 4 618 99 221
3136798 4 1566 219 544
3137099 4 105 15 34
3137532 4 146 23 51
3137571 4 205 32 68
3137777 4 2001 307 714
3138553 4 460 65 153
3138612 4 986 149 340
3138731 4 100 16 34
3138871 4 518 79 187
3139265 4 186 30 68
3139399 4 3144 474 1122
3139605 4 477 80 170
3139864 4 1857 274 646
3140406 4 5217 809 1887
3140560 4 821 141 306
3140702 4 1916 289 663
3140735 4 1236 184 425
3141391 4 905 139 323
3142054 4 1416 216 476
3142204 4 2247 324 782
3142324 4 480 80 170
3142393 4 333 48 119
3142857 4 53 8 17
3142868 4 4720 680 1581
3143600 4 190 23 68
3143617 4 2445 387 867
3144089 4 1306 170 442
3144523 4 353 47 119
3145157 4 226 34 85
3145159 4 5133 835 1853
3146058 4 129 21 51
3147026 4 155 24 51
3147042 4 522 71 187
3148126 4 562 75 187
3148589 4 7326 1057 2516
3149113 4 139 22 51
3149371 4 6476 950 2278
3149532 4 2755 374 935
3150267 4 959 144 340
3150914 4 2454 357 816
3151391 4 4163 604 1445
3151794 4 1293 194 442
3152728 4 660 89 221
3000003 5 542 99 240
3000126 5 1669 312 736
3000189 5 685 102 256
3000282 5 799 133 336
3000714 5 310 59 144
3000781 5 394 61 160
3001203 5 1107 221 512
3001937 5 1212 260 608
3002094 5 472 78 176
3002511 5 257 49 112
3002546 5 198 31 80
3002645 5 167 27 64
3002762 5 1571 243 640
3003031 5 2571 415 1024
3003521 5 1725 273 656
3003650 5 509 100 224
3004021 5 665 103 288
3004110 5 6404 898 2464
3004751 5 327 50 128
3007488 5 805 121 320
3007577 5 1322 174 528
3007580 5 32 7 16
3007696 5 47 8 16
3008006 5 31 6 16
3008634 5 1619 307 752
3008703 5 204 28 80
3009408 5 292 40 112
3009550 5 819 135 336
3009600 5 213 37 96
3009603 5 1045 167 384
3009617 5 1224 202 480
3009858 5 87 15 32
3011022 5 151 16 64
3011342 5 220 39 96
3012395 5 2431 455 1120
3013262 5 4814 775 1904
3013448 5 254 46 112
3013467 5 1154 245 544
3013550 5 1046 153 416
3013765 5 294 48 112
3014589 5 1074 171 400
3014629 5 816 145 352
3014753 5 306 44 128
3015860 5 697 105 256
3015984 5 1032 178 432
3016668 5 902 123 368
3016819 5 112 18 48
3017361 5 626 121 304
3017561 5 245 38 96
3017624 5 1032 156 384
3019302 5 946 142 384
3019644 5 478 69 176
3019875 5 1121 213 480
3020531 5 102 21 48
3020620 5 950 158 400
3021157 5 1515 248 624
3021334 5 83 12 32
3021685 5 591 99 256
3022515 5 64 14 32
3022777 5 910 165 416
3023009 5 1491 260 672
3023152 5 1354 196 528
3023441 5 1399 229 560
3024022 5 584 86 224
3024912 5 1292 198 496
3026244 5 686 112 272
3027112 5 476 92 208
3027562 5 478 85 208
3028507 5 691 163 368
3029993 5 1109 163 432
3030369 5 250 42 96
3030439 5 72 13 32
3030445 5 4927 946 2224
3030483 5 129 19 48
3030994 5 170 26 64
3031276 5 211 37 80
3031399 5 463 67 176
3032114 5 968 149 400
3032298 5 392 77 176
3032496 5 172 26 64
3032690 5 524 89 224
3032717 5 875 148 352
3032878 5 1118 169 432
3033109 5 190 30 80
3033201 5 229 45 112
3033492 5 304 44 112
3034102 5 2874 456 1136
3034353 5 109 23 48
3034458 5 418 64 160
3034488 5 131 20 48
3034499 5 35 7 16
3034606 5 607 102 240
3034622 5 164 27 64
3034747 5 2264 342 864
3034917 5 2666 455 1120
3034995 5 1318 232 560
3035117 5 177 33 80
3035329 5 1240 192 480
3035505 5 581 88 224
3035806 5 818 116 320
3035939 5 853 148 368
3036777 5 108 22 48
3036854 5 1167 180 448
3037450 5 989 220 480
3037576 5 619 109 256
3037755 5 757 167 368
3037834 5 3614 627 1568
3038387 5 337 61 144
3038595 5 4914 892 2096
3039562 5 3246 526 1328
3039660 5 35 6 16
3040134 5 168 36 80
3040250 5 582 88 224
3040255 5 481 99 224
3040359 5 666 113 288
3040472 5 2957 490 1216
3040788 5 630 137 304
3040812 5 293 55 128
3040942 5 2121 397 928
3041147 5 138 29 64
3041277 5 71 13 32
3041423 5 292 49 112
3041935 5 565 97 208
3042059 5 1364 217 544
3042352 5 1147 217 512
3043324 5 1258 187 480
3043341 5 3823 668 1648
3043794 5 34 7 16
3043821 5 851 146 336
3043892 5 1708 345 800
3043939 5 76 13 32
3044228 5 82 10 32
3044370 5 327 58 144
3044543 5 467 81 208
3044646 5 240 35 96
3044659 5 114 21 48
3044717 5 2520 538 1216
3045004 5 190 32 80
3045253 5 1105 223 528
3045325 5 3810 656 1616
3045520 5 1798 271 688
3045836 5 559 108 256
3045916 5 1365 211 576
3045953 5 297 54 128
3046261 5 133 20 48
3046370 5 494 78 224
3046879 5 523 110 240
3047369 5 1721 268 672
3047774 5 708 110 288
3048142 5 2137 335 800
3048499 5 713 114 272
3048557 5 451 72 176
3048918 5 487 100 224
3049014 5 3678 602 1472
3049027 5 38 4 16
3049110 5 278 41 112
3049147 5 462 91 224
3049353 5 908 137 368
3049981 5 120 16 48
3050079 5 172 33 80
3050088 5 548 86 208
3050235 5 1232 190 496
3051357 5 1215 229 544
3052213 5 335 60 144
3052554 5 820 153 368
3052576 5 179 29 64
3052740 5 154 18 64
3052773 5 6082 975 2368
3052808 5 464 84 208
3053156 5 1583 237 608
3053233 5 142 26 64
3053878 5 2800 513 1232
3054036 5 374 60 144
3054234 5 392 90 192
3054379 5 349 54 128
3054881 5 693 101 272
3054941 5 637 103 256
3055438 5 413 76 192
3055980 5 116 14 48
3056043 5 348 73 160
3056217 5 1280 193 496
3056911 5 1514 261 656
3057224 5 1248 273 576
3057311 5 727 122 320
3057396 5 128 21 48
3057442 5 43 8 16
3057465 5 761 127 336
3057553 5 677 108 256
3057689 5 328 49 128
3057797 5 3958 661 1696
3058547 5 271 36 96
3058976 5 1437 307 672
3059385 5 194 32 80
3059473 5 318 64 144
3059835 5 103 21 48
3059889 5 1793 293 656
3060133 5 159 21 64
3060489 5 598 111 272
3060722 5 1318 193 496
3060876 5 400 69 160
3061108 5 86 15 32
3061454 5 845 137 352
3061984 5 5124 761 1952
3062322 5 185 36 80
3062818 5 370 55 144
3063337 5 728 125 304
3063367 5 661 132 304
3063520 5 2006 382 912
3063901 5 6001 912 2304
3064179 5 521 95 240
3064901 5 508 75 192
3066052 5 172 35 80
3066079 5 248 41 96
3066448 5 41 6 16
3066470 5 1728 287 720
3066921 5 35 7 16
3067247 5 309 61 144
3067648 5 1380 265 608
3068117 5 980 183 448
3068280 5 609 103 240
3069481 5 6953 1077 2784
3069805 5 2170 409 976
3070486 5 1284 230 528
3070672 5 1170 242 576
3070740 5 126 23 48
3071190 5 919 185 416
3071197 5 34 8 16
3071399 5 343 55 144
3072013 5 1351 217 528
3072350 5 169 30 80
3072393 5 571 99 240
3073896 5 7293 1219 3024
3074949 5 119 12 48
3075144 5 46 8 16
3075179 5 106 20 48
3075349 5 2033 429 976
3075399 5 163 24 64
3075726 5 417 63 176
3075823 5 509 75 208
3075969 5 1564 251 656
3076652 5 110 19 48
3077352 5 640 119 288
3077543 5 77 9 32
3077694 5 247 36 96
3077801 5 361 67 160
3078355 5 226 50 112
3078358 5 7051 1282 3056
3078486 5 325 46 128
3078814 5 67 12 32
3079607 5 3927 695 1680
3079821 5 739 123 320
3080071 5 2050 334 800
3081149 5 1782 280 672
3081468 5 343 62 144
3081893 5 329 57 128
3082095 5 120 14 48
3082452 5 253 36 96
3082594 5 260 42 96
3083176 5 667 109 256
3083502 5 147 28 64
3083733 5 1986 435 1008
3083798 5 312 52 112
3084668 5 208 30 80
3085117 5 302 60 144
3085489 5 1685 306 704
3085744 5 2083 329 800
3085877 5 187 31 80
3086045 5 1034 180 400
3087537 5 3299 497 1248
3088623 5 128 18 48
3089121 5 1350 286 624
3089140 5 6477 1041 2640
3089162 5 59 16 32
3089228 5 72 14 32
3089320 5 668 119 288
3089322 5 6528 990 2528
3089506 5 9332 1458 3872
3089975 5 1399 279 656
3090374 5 1249 258 576
3090539 5 983 173 400
3090612 5 5510 1111 2464
3090753 5 4219 634 1568
3090900 5 107 20 48
3090968 5 3433 621 1504
3091091 5 180 28 80
3091141 5 844 153 336
3091221 5 344 68 160
3091296 5 2254 418 1008
3091402 5 470 75 176
3091824 5 33 8 16
3091957 5 645 87 256
3092323 5 1246 226 560
3092335 5 2849 450 1104
3092390 5 128 24 48
3092965 5 339 71 160
3093837 5 197 39 96
3093864 5 273 44 96
3094054 5 814 135 336
3094266 5 3357 702 1632
3094603 5 269 40 112
3095284 5 352 59 144
3095378 5 136 28 64
3095942 5 382 67 160
3096468 5 1056 192 464
3096664 5 2911 441 1104
3096703 5 368 53 144
3097260 5 362 45 144
3097741 5 41 5 16
3098757 5 425 70 192
3098872 5 2691 457 1168
3099108 5 983 179 416
3099572 5 1232 224 544
3100331 5 441 69 176
3100835 5 45 7 16
3101486 5 145 27 64
3101488 5 742 121 288
3101842 5 43 6 16
3101890 5 6524 1116 2752
3102026 5 66 14 32
3102282 5 210 31 80
3102401 5 558 91 240
3102921 5 852 158 384
3103168 5 2532 456 1072
3103410 5 147 23 64
3104661 5 1336 215 496
3104760 5 183 34 80
3105219 5 4096 609 1568
3105299 5 214 44 96
3105599 5 279 40 112
3105907 5 688 103 256
3106022 5 1415 254 624
3106152 5 88 14 32
3106263 5 162 25 64
3106727 5 467 64 176
3106792 5 3507 634 1568
3106924 5 3382 707 1600
3107023 5 775 124 288
3107060 5 5387 1096 2544
3107071 5 904 132 352
3107072 5 2445 410 944
3107278 5 866 140 352
3107532 5 2624 421 1056
3107922 5 635 96 240
3108308 5 730 131 304
3108389 5 733 105 288
3109004 5 66 13 32
3109069 5 389 64 144
3109585 5 120 21 48
3110010 5 586 91 224
3110076 5 514 116 256
3110208 5 35 7 16
3110491 5 3805 758 1744
3110953 5 74 14 32
3111185 5 343 53 144
3111811 5 83 11 32
3112431 5 2246 350 896
3112718 5 1444 236 576
3112774 5 3908 698 1648
3113313 5 1832 358 848
3113642 5 77 13 32
3113736 5 76 14 32
3114082 5 593 112 272
3114114 5 180 27 80
3114364 5 367 50 144
3114516 5 1227 188 496
3114607 5 701 132 304
3114689 5 649 122 288
3115522 5 835 145 368
3115640 5 874 149 368
3115685 5 258 39 96
3115757 5 289 45 112
3116268 5 458 68 192
3116920 5 1302 210 480
3117097 5 219 46 96
3117261 5 286 56 128
3118623 5 2453 504 1152
3119149 5 36 7 16
3119218 5 1069 189 464
3119890 5 3101 594 1408
3120501 5 3788 576 1424
3120619 5 1263 196 496
3122037 5 580 90 224
3122101 5 92 14 32
3122567 5 1629 303 720
3122726 5 118 12 48
3122962 5 2554 474 1104
3123110 5 64 14 32
3123312 5 248 40 96
3123427 5 128 21 48
3123742 5 636 107 256
3123796 5 566 102 240
3123809 5 1035 155 400
3124081 5 5166 856 2080
3124132 5 642 118 288
3124142 5 942 203 464
3124253 5 865 131 336
3124300 5 1622 251 624
3124465 5 992 170 448
3125000 5 402 58 160
3125408 5 1142 200 496
3125871 5 427 94 208
3125881 5 4382 874 1968
3126291 5 577 114 272
3126408 5 42 6 16
3126866 5 1621 240 624
3126956 5 491 95 224
3126987 5 1160 179 432
3127292 5 173 23 64
3127390 5 973 190 432
3127569 5 294 47 112
3127612 5 1019 163 400
3128243 5 165 30 64
3128317 5 1017 180 432
3128520 5 1452 291 672
3128698 5 43 6 16
3128772 5 1672 276 704
3128978 5 541 106 240
3129024 5 128 21 48
3129091 5 1658 292 704
3129368 5 345 74 160
3129927 5 254 40 96
3131460 5 2250 411 944
3131987 5 5076 948 2288
3132214 5 1420 266 640
3132538 5 1709 304 720
3132602 5 965 156 416
3132906 5 123 17 48
3133275 5 130 21 48
3133443 5 322 45 128
3134229 5 1229 183 464
3135039 5 1217 191 464
3135593 5 342 62 160
3136096 5 2467 404 1024
3136137 5 462 87 208
3136798 5 1282 198 512
3137099 5 87 13 32
3137532 5 114 20 48
3137571 5 137 25 64
3137777 5 1581 280 672
3138553 5 370 60 144
3138612 5 713 124 320
3138731 5 86 13 32
3138871 5 409 70 176
3139265 5 141 26 64
3139399 5 2456 439 1056
3139605 5 346 70 160
3139864 5 1565 258 608
3140406 5 4089 721 1776
3140560 5 605 132 288
3140702 5 1625 265 624
3140735 5 978 166 400
3141391 5 655 133 304
3142054 5 1199 199 448
3142204 5 1793 292 736
3142324 5 350 68 160
3142393 5 268 43 112
3142857 5 42 7 16
3142868 5 4011 629 1488
3143600 5 170 25 64
3143617 5 1859 348 816
3144089 5 1076 153 416
3144523 5 289 48 112
3145157 5 174 32 80
3145159 5 3768 734 1744
3146058 5 99 21 48
3147026 5 121 21 48
3147042 5 423 62 176
3148126 5 456 63 176
3148589 5 5822 925 2368
3149113 5 120 22 48
3149371 5 5169 864 2144
3149532 5 2235 336 880
3150267 5 742 130 320
3150914 5 2082 330 768
3151391 5 3362 548 1360
3151794 5 1041 168 416
3152728 5 532 82 208
